Iteration min current max
0 0 0 0
100000 0 38 41
200000 32 39 41
300000 33 38 46
400000 32 38 46
500000 33 38 41
600000 32 38 38
700000 32 38 46
800000 33 41 46
900000 32 46 46
1000000 32 38 46
1100000 32 38 41
1200000 32 37 41
1300000 32 37 41
1400000 29 38 41
1500000 32 36 41
1600000 32 37 46
1700000 32 38 46
1800000 32 38 46
1900000 32 36 41
2000000 33 37 38
2100000 32 38 46
2200000 32 38 46
2300000 33 37 46
2400000 32 37 41
2500000 32 38 41
2600000 32 36 41
2700000 32 37 41
2800000 28 38 41
2900000 32 38 41
3000000 32 38 46
3100000 32 41 46
3200000 32 37 41
3300000 32 38 38
3400000 33 37 38
3500000 32 38 46
3600000 32 37 41
3700000 33 35 46
3800000 32 38 41
3900000 32 37 38
4000000 32 37 41
4100000 32 38 41
4200000 29 38 41
4300000 32 38 41
4400000 32 37 47
4500000 32 38 47
4600000 32 38 41
4700000 32 37 38
4800000 32 38 41
4900000 33 37 47
5000000 32 38 41
5100000 32 38 47
5200000 32 37 41
5300000 32 38 38
5400000 32 38 41
5500000 33 37 41
5600000 28 38 41
5700000 32 37 41
5800000 33 39 47
5900000 32 38 47
6000000 33 38 41
6100000 32 37 38
6200000 32 38 47
6300000 33 38 47
6400000 32 43 46
6500000 32 38 47
6600000 32 38 41
6700000 32 38 41
6800000 32 38 41
6900000 29 38 41
7000000 32 38 41
7100000 32 38 41
7200000 32 41 47
7300000 32 38 47
7400000 32 38 41
7500000 33 38 38
7600000 32 38 47
7700000 32 37 47
7800000 33 37 47
7900000 32 38 41
8000000 32 37 41
8100000 32 37 41
8200000 32 38 41
8300000 28 38 41
8400000 32 36 41
8500000 32 38 46
8600000 32 41 46
8700000 32 37 46
8800000 32 38 41
8900000 33 38 38
9000000 32 38 46
9100000 32 38 41
9200000 33 38 46
9300000 32 38 41
9400000 32 38 38
9500000 32 38 41
9600000 32 38 41
9700000 29 38 41
9800000 32 38 41
9900000 32 38 46
10000000 32 38 46
10100000 32 38 41
10200000 32 37 38
10300000 32 37 41
10400000 33 38 46
10500000 32 38 41
10600000 32 38 46
10700000 32 38 41
10800000 32 37 38
10900000 32 37 41
11000000 33 38 41
11100000 26 38 41
11200000 32 38 41
11300000 32 37 43
11400000 32 38 43
11500000 33 38 41
11600000 32 38 38
11700000 32 42 43
11800000 33 37 43
11900000 32 41 43
12000000 32 38 43
12100000 32 38 41
12200000 32 38 41
12300000 32 38 41
12400000 29 38 41
12500000 32 38 41
12600000 32 41 43
12700000 32 37 43
12800000 32 38 43
12900000 32 37 41
13000000 33 38 38
13100000 32 38 43
13200000 32 35 43
13300000 33 38 43
13400000 32 38 41
13500000 32 38 38
13600000 32 38 41
13700000 32 41 41
13800000 29 38 41
13900000 32 38 41
14000000 32 38 43
14100000 32 38 43
14200000 32 38 41
14300000 32 38 38
14400000 32 39 41
14500000 33 37 43
14600000 32 37 41
14700000 32 38 43
14800000 32 38 41
14900000 32 38 38
15000000 33 37 41
15100000 32 38 41
15200000 30 38 41
15300000 32 37 41
15400000 32 38 43
15500000 32 37 43
15600000 32 38 41
15700000 32 38 38
15800000 32 41 41
15900000 33 37 43
16000000 32 38 41
16100000 32 38 43
16200000 32 38 41
16300000 32 38 41
16400000 32 38 41
16500000 28 37 41
16600000 32 38 41
16700000 32 37 41
16800000 32 36 43
16900000 32 38 43
17000000 32 37 41
17100000 33 36 38
17200000 32 38 43
17300000 32 38 43
17400000 33 37 43
17500000 32 37 41
17600000 32 36 38
17700000 32 38 41
17800000 32 38 41
17900000 29 37 41
18000000 32 38 41
18100000 32 38 43
18200000 32 38 43
18300000 32 38 41
18400000 32 38 38
18500000 32 41 41
18600000 33 38 43
18700000 32 37 41
18800000 32 37 43
18900000 33 38 41
19000000 32 36 38
19100000 32 38 41
19200000 32 37 41
19300000 28 37 41
19400000 32 38 41
19500000 32 37 43
19600000 32 34 43
19700000 32 38 41
19800000 32 38 38
19900000 32 37 41
20000000 33 38 43
20100000 32 37 41
20200000 32 37 43
20300000 32 38 41
20400000 32 38 41
20500000 32 38 41
20600000 29 39 41
20700000 32 38 41
20800000 32 37 41
20900000 32 38 43
21000000 32 37 43
21100000 32 38 41
21200000 33 38 38
21300000 32 38 43
21400000 32 38 43
21500000 33 38 43
21600000 32 36 41
21700000 32 38 41
21800000 32 38 41
21900000 32 38 41
22000000 29 41 41
22100000 32 38 41
22200000 32 37 43
22300000 32 38 43
22400000 32 38 41
22500000 32 38 38
22600000 32 37 38
22700000 33 39 43
22800000 32 37 41
22900000 33 38 43
23000000 32 38 41
23100000 32 37 38
23200000 32 37 41
23300000 32 38 41
23400000 30 37 41
23500000 32 38 41
23600000 32 37 43
23700000 32 38 43
23800000 32 38 41
23900000 32 38 38
24000000 32 38 41
24100000 33 39 43
24200000 32 37 41
24300000 32 38 43
24400000 32 37 41
24500000 32 38 41
24600000 32 38 41
24700000 28 38 41
24800000 32 36 41
24900000 32 37 41
25000000 32 37 43
25100000 32 38 43
25200000 32 38 41
25300000 33 37 38
25400000 32 38 43
25500000 32 38 43
25600000 33 35 43
25700000 32 38 41
25800000 32 38 41
25900000 32 38 41
26000000 32 38 41
26100000 29 41 41
26200000 32 38 41
26300000 32 38 43
26400000 32 41 43
26500000 32 38 43
26600000 32 37 38
26700000 33 37 38
26800000 32 38 43
26900000 32 35 41
27000000 33 38 43
27100000 32 38 41
27200000 32 37 38
27300000 32 38 41
27400000 32 38 41
27500000 29 38 41
27600000 32 38 41
27700000 32 38 43
27800000 32 38 43
27900000 32 38 41
28000000 32 38 38
28100000 32 37 41
28200000 33 38 43
28300000 32 37 41
28400000 32 36 43
28500000 32 36 41
28600000 32 38 41
28700000 32 38 41
28800000 30 38 41
28900000 32 38 41
29000000 32 38 41
29100000 33 35 43
29200000 32 38 43
29300000 32 37 41
29400000 33 38 38
29500000 32 38 43
29600000 33 38 43
29700000 32 38 43
29800000 32 37 41
29900000 32 38 41
30000000 32 38 41
30100000 32 37 41
30200000 25 38 42
30300000 32 37 46
30400000 32 37 46
30500000 33 55 55
30600000 33 55 55
30700000 34 37 55
30800000 32 55 55
30900000 45 55 55
31000000 41 55 55
31100000 42 55 55
31200000 39 53 58
31300000 45 57 58
31400000 48 56 58
31500000 33 38 58
31600000 32 38 42
31700000 32 38 38
31800000 32 42 46
31900000 33 53 55
32000000 41 54 55
32100000 42 53 55
32200000 39 57 58
32300000 48 56 58
32400000 45 55 58
32500000 48 56 58
32600000 33 55 58
32700000 41 55 55
32800000 42 53 55
32900000 45 52 55
33000000 39 54 58
33100000 45 54 58
33200000 48 58 58
33300000 33 38 58
33400000 32 38 46
33500000 33 55 55
33600000 41 55 55
33700000 42 55 55
33800000 39 55 58
33900000 48 57 58
34000000 45 58 58
34100000 48 57 58
34200000 32 38 58
34300000 33 37 42
34400000 32 38 38
34500000 32 37 46
34600000 32 42 46
34700000 30 42 45
34800000 32 38 45
34900000 32 37 45
35000000 33 38 55
35100000 33 45 55
35200000 32 55 55
35300000 33 37 55
35400000 32 38 42
35500000 32 37 38
35600000 32 42 45
35700000 33 53 55
35800000 33 53 55
35900000 41 53 55
36000000 33 38 55
36100000 32 41 42
36200000 37 55 55
36300000 32 38 55
36400000 32 36 42
36500000 32 42 42
36600000 33 38 45
36700000 32 38 45
36800000 26 45 45
36900000 32 37 45
37000000 33 38 45
37100000 32 58 58
37200000 48 57 58
37300000 43 57 58
37400000 48 53 58
37500000 36 55 60
37600000 43 58 60
37700000 35 57 60
37800000 48 53 58
37900000 43 57 58
38000000 48 57 58
38100000 36 57 58
38200000 43 54 60
38300000 34 38 60
38400000 33 57 58
38500000 48 58 58
38600000 43 56 58
38700000 48 58 58
38800000 36 55 60
38900000 43 54 60
39000000 35 56 60
39100000 48 57 58
39200000 43 58 58
39300000 48 56 58
39400000 36 56 60
39500000 43 53 60
39600000 33 38 60
39700000 32 58 58
39800000 48 58 58
39900000 43 55 58
40000000 48 57 58
40100000 35 57 58
40200000 48 58 58
40300000 43 58 58
40400000 48 57 58
40500000 33 37 58
40600000 32 43 45
40700000 32 38 45
40800000 33 38 38
40900000 32 37 45
41000000 34 57 58
41100000 48 57 58
41200000 43 58 58
41300000 44 45 58
41400000 36 57 60
41500000 35 53 60
41600000 48 58 58
41700000 43 57 58
41800000 48 56 58
41900000 36 58 58
42000000 43 55 60
42100000 33 38 60
42200000 33 57 58
42300000 48 57 58
42400000 43 57 58
42500000 44 44 58
42600000 36 58 60
42700000 35 50 60
42800000 48 57 58
42900000 43 56 58
43000000 48 58 58
43100000 36 57 58
43200000 43 55 60
43300000 33 37 60
43400000 33 38 45
43500000 32 38 45
43600000 34 53 58
43700000 48 58 58
43800000 43 57 58
43900000 48 58 58
44000000 35 58 58
44100000 48 58 58
44200000 43 56 58
44300000 48 58 58
44400000 32 43 58
44500000 33 38 45
44600000 32 38 38
44700000 32 45 45
44800000 32 36 45
44900000 33 38 45
45000000 26 44 45
45100000 33 38 45
45200000 32 38 45
45300000 33 38 45
45400000 32 45 47
45500000 33 45 47
45600000 32 38 45
45700000 32 38 47
45800000 33 38 45
45900000 32 37 38
46000000 32 45 45
46100000 33 44 45
46200000 33 38 47
46300000 33 45 47
46400000 34 38 45
46500000 32 44 45
46600000 33 45 45
46700000 34 38 47
46800000 32 38 45
46900000 32 37 45
47000000 32 43 45
47100000 33 42 45
47200000 33 37 45
47300000 32 37 45
47400000 33 38 45
47500000 29 46 47
47600000 33 44 47
47700000 33 37 47
47800000 32 37 47
47900000 33 43 47
48000000 32 43 47
48100000 33 45 47
48200000 33 45 47
48300000 33 45 47
48400000 32 45 47
48500000 32 38 47
48600000 33 38 47
48700000 32 37 38
48800000 32 43 47
48900000 36 46 47
49000000 33 45 47
49100000 33 38 47
49200000 33 37 47
49300000 33 43 47
49400000 33 45 47
49500000 35 44 47
49600000 32 45 47
49700000 33 46 47
49800000 35 45 47
49900000 32 45 47
50000000 33 37 47
50100000 32 37 38
50200000 32 42 47
50300000 33 46 47
50400000 36 42 47
50500000 32 38 47
50600000 33 44 47
50700000 35 42 47
50800000 25 38 47
50900000 32 38 43
51000000 32 39 43
51100000 33 38 43
51200000 32 42 43
51300000 32 38 43
51400000 32 37 43
51500000 33 38 38
51600000 32 43 43
51700000 33 38 43
51800000 32 42 43
51900000 33 43 43
52000000 32 37 43
52100000 32 38 43
52200000 32 38 43
52300000 33 38 43
52400000 32 38 43
52500000 29 43 43
52600000 32 38 43
52700000 32 38 43
52800000 33 38 43
52900000 32 37 43
53000000 32 38 43
53100000 32 37 38
53200000 33 38 38
53300000 32 37 43
53400000 33 39 43
53500000 32 38 43
53600000 33 37 43
53700000 32 38 43
53800000 32 37 43
53900000 32 38 43
54000000 32 41 43
54100000 33 38 43
54200000 29 38 43
54300000 32 38 43
54400000 32 37 43
54500000 33 38 43
54600000 32 37 43
54700000 32 38 43
54800000 32 38 38
54900000 32 41 43
55000000 33 38 43
55100000 33 42 43
55200000 32 38 43
55300000 33 38 43
55400000 32 38 43
55500000 32 38 38
55600000 32 42 43
55700000 32 38 43
55800000 33 38 43
55900000 30 38 43
56000000 32 42 43
56100000 32 43 43
56200000 33 38 43
56300000 32 38 43
56400000 32 37 43
56500000 32 37 38
56600000 32 42 43
56700000 33 43 43
56800000 33 42 43
56900000 32 37 43
57000000 33 38 43
57100000 32 38 43
57200000 32 37 38
57300000 32 42 43
57400000 32 38 43
57500000 28 38 43
57600000 33 38 43
57700000 32 37 43
57800000 32 38 43
57900000 32 37 43
58000000 32 38 43
58100000 33 38 43
58200000 32 37 38
58300000 32 42 43
58400000 33 42 43
58500000 33 38 43
58600000 32 37 43
58700000 32 38 43
58800000 33 38 43
58900000 32 38 38
59000000 32 38 43
59100000 32 38 43
59200000 29 42 43
59300000 33 38 43
59400000 32 38 43
59500000 32 38 43
59600000 32 37 43
59700000 32 38 43
59800000 33 38 43
59900000 32 38 38
60000000 32 36 43
60100000 33 40 43
60200000 33 38 43
60300000 32 41 43
60400000 32 36 43
60500000 32 38 43
60600000 32 38 38
60700000 33 38 43
60800000 32 43 43
60900000 28 38 43
61000000 32 43 43
61100000 33 38 43
61200000 32 39 43
61300000 32 43 43
61400000 32 37 43
61500000 32 38 43
61600000 33 38 38
61700000 32 37 43
61800000 33 38 43
61900000 32 42 43
62000000 33 42 43
62100000 32 38 43
62200000 32 37 43
62300000 32 42 43
62400000 33 35 43
62500000 32 38 43
62600000 29 43 43
62700000 32 38 43
62800000 32 41 43
62900000 33 40 43
63000000 32 42 43
63100000 32 38 43
63200000 32 38 43
63300000 33 38 38
63400000 32 43 43
63500000 33 38 43
63600000 32 42 43
63700000 33 37 43
63800000 32 38 43
63900000 32 37 43
64000000 32 38 43
64100000 32 38 43
64200000 33 37 43
64300000 29 42 43
64400000 32 37 43
64500000 32 42 43
64600000 33 42 43
64700000 32 37 43
64800000 32 38 43
64900000 32 38 38
65000000 32 37 38
65100000 33 40 43
65200000 33 38 43
65300000 32 37 43
65400000 33 38 43
65500000 32 37 43
65600000 32 38 43
65700000 32 38 43
65800000 32 42 43
65900000 33 38 43
66000000 30 37 43
66100000 32 38 43
66200000 32 37 43
66300000 33 41 43
66400000 32 38 43
66500000 32 38 43
66600000 32 37 38
66700000 32 43 43
66800000 33 34 43
66900000 33 41 43
67000000 32 38 43
67100000 33 38 43
67200000 32 38 43
67300000 32 38 38
67400000 32 42 43
67500000 32 38 43
67600000 33 37 43
67700000 28 38 43
67800000 32 41 43
67900000 32 42 43
68000000 33 38 43
68100000 32 38 43
68200000 32 38 43
68300000 32 38 38
68400000 32 38 43
68500000 33 37 43
68600000 33 40 43
68700000 32 38 43
68800000 33 38 43
68900000 32 38 43
69000000 32 38 38
69100000 32 43 43
69200000 32 38 43
69300000 29 42 43
69400000 33 38 43
69500000 32 38 43
69600000 32 38 43
69700000 32 41 43
69800000 32 38 43
69900000 33 38 43
70000000 32 36 38
70100000 32 40 43
70200000 33 38 43
70300000 33 41 43
70400000 32 38 43
70500000 32 42 43
70600000 33 38 43
70700000 32 38 38
70800000 32 37 43
70900000 32 37 43
71000000 29 42 43
71100000 33 37 43
71200000 32 37 43
71300000 32 38 43
71400000 32 37 43
71500000 32 38 43
71600000 33 37 43
71700000 32 38 38
71800000 32 42 43
71900000 33 38 43
72000000 32 37 43
72100000 33 43 43
72200000 32 36 43
72300000 32 37 43
72400000 32 38 38
72500000 33 37 43
72600000 32 43 43
72700000 30 38 43
72800000 32 41 43
72900000 33 38 43
73000000 32 38 43
73100000 32 38 43
73200000 32 38 43
73300000 32 38 43
73400000 33 37 38
73500000 32 38 43
73600000 33 38 43
73700000 32 41 43
73800000 33 42 43
73900000 32 38 43
74000000 32 37 43
74100000 32 42 43
74200000 33 38 43
74300000 32 42 43
74400000 26 50 58
74500000 36 58 62
74600000 33 53 62
74700000 36 53 61
74800000 40 57 62
74900000 36 60 62
75000000 33 38 62
75100000 32 46 58
75200000 40 54 62
75300000 33 38 59
75400000 33 57 61
75500000 36 56 62
75600000 44 55 62
75700000 33 37 61
75800000 32 56 62
75900000 33 54 62
76000000 33 37 54
76100000 33 58 59
76200000 40 58 59
76300000 48 54 59
76400000 33 55 59
76500000 40 58 58
76600000 44 58 59
76700000 48 58 59
76800000 40 58 59
76900000 48 56 59
77000000 32 38 58
77100000 32 38 46
77200000 32 38 46
77300000 33 37 38
77400000 32 56 62
77500000 36 55 62
77600000 33 50 62
77700000 33 46 62
77800000 33 38 47
77900000 33 57 59
78000000 36 54 59
78100000 37 57 59
78200000 40 54 59
78300000 48 57 59
78400000 36 57 59
78500000 48 58 59
78600000 40 58 59
78700000 48 55 59
78800000 33 57 59
78900000 36 46 59
79000000 36 58 59
79100000 40 55 59
79200000 48 54 59
79300000 32 55 58
79400000 40 57 59
79500000 40 49 59
79600000 36 58 58
79700000 40 57 58
79800000 44 57 59
79900000 48 58 59
80000000 40 55 59
80100000 34 38 59
80200000 33 55 58
80300000 44 57 59
80400000 40 56 59
80500000 36 57 58
80600000 40 58 58
80700000 44 57 59
80800000 48 57 59
80900000 40 55 59
81000000 34 38 59
81100000 32 38 46
81200000 32 38 46
81300000 32 54 58
81400000 40 57 59
81500000 36 56 59
81600000 48 57 59
81700000 40 57 59
81800000 35 45 59
81900000 33 58 59
82000000 36 54 59
82100000 37 54 59
82200000 40 58 59
82300000 48 57 59
82400000 36 56 59
82500000 48 57 59
82600000 40 57 59
82700000 48 57 59
82800000 32 58 58
82900000 40 57 58
83000000 44 57 59
83100000 48 55 59
83200000 40 56 59
83300000 48 57 59
83400000 33 46 58
83500000 39 57 59
83600000 40 57 59
83700000 48 56 59
83800000 36 54 58
83900000 40 58 58
84000000 44 57 59
84100000 48 58 59
84200000 40 56 59
84300000 33 38 59
84400000 28 42 58
84500000 36 54 61
84600000 40 54 62
84700000 33 54 59
84800000 36 53 61
84900000 40 51 61
85000000 36 42 62
85100000 39 51 61
85200000 40 51 62
85300000 32 55 59
85400000 40 58 60
85500000 40 60 61
85600000 33 38 61
85700000 33 58 61
85800000 40 57 61
85900000 36 54 62
86000000 40 58 61
86100000 44 56 61
86200000 32 50 59
86300000 37 57 62
86400000 33 52 62
86500000 33 43 61
86600000 33 58 59
86700000 48 58 59
86800000 44 57 59
86900000 40 57 59
87000000 44 54 59
87100000 48 55 59
87200000 33 58 59
87300000 44 58 58
87400000 40 58 59
87500000 48 57 59
87600000 40 57 59
87700000 44 56 59
87800000 48 57 59
87900000 32 46 58
88000000 32 38 47
88100000 33 38 46
88200000 32 37 38
88300000 32 50 62
88400000 37 57 62
88500000 36 55 62
88600000 33 38 62
88700000 34 58 62
88800000 33 38 62
88900000 33 44 47
89000000 39 58 58
89100000 44 58 59
89200000 36 46 58
89300000 39 56 59
89400000 44 55 59
89500000 40 56 59
89600000 44 57 59
89700000 48 57 59
89800000 36 56 59
89900000 48 58 59
90000000 44 58 59
90100000 40 57 59
90200000 44 57 59
90300000 48 58 59
90400000 33 56 58
90500000 40 58 58
90600000 44 57 59
90700000 36 58 59
90800000 44 58 59
90900000 48 55 59
91000000 40 58 58
91100000 44 54 59
91200000 35 46 59
91300000 32 54 58
91400000 40 54 59
91500000 40 54 59
91600000 36 57 58
91700000 44 58 58
91800000 40 58 59
91900000 48 58 59
92000000 40 57 59
92100000 44 57 59
92200000 48 52 59
92300000 33 55 58
92400000 40 57 59
92500000 42 42 59
92600000 40 56 58
92700000 36 57 58
92800000 44 58 58
92900000 40 58 59
93000000 48 58 59
93100000 40 57 59
93200000 44 58 59
93300000 48 58 59
93400000 32 38 58
93500000 33 38 46
93600000 32 38 38
93700000 32 53 58
93800000 40 56 59
93900000 36 56 59
94000000 48 57 59
94100000 44 56 59
94200000 40 58 59
94300000 44 55 59
94400000 48 58 59
94500000 33 55 58
94600000 40 58 58
94700000 44 54 59
94800000 36 57 59
94900000 48 57 59
95000000 44 56 59
95100000 40 58 59
95200000 44 57 59
95300000 48 55 59
95400000 36 58 59
95500000 48 58 59
95600000 44 55 59
95700000 40 56 59
95800000 44 55 59
95900000 48 58 59
96000000 32 38 58
96100000 33 58 58
96200000 44 57 58
96300000 40 54 59
96400000 40 54 59
96500000 48 54 59
96600000 44 54 59
96700000 33 37 59
96800000 33 58 59
96900000 48 53 59
97000000 44 57 59
97100000 40 57 59
97200000 44 59 59
97300000 48 58 59
97400000 36 58 59
97500000 44 58 58
97600000 40 57 59
97700000 48 57 59
97800000 40 58 59
97900000 44 54 59
98000000 48 58 59
98100000 29 57 58
98200000 38 55 58
98300000 36 59 62
98400000 40 53 60
98500000 40 56 62
98600000 36 57 59
98700000 40 53 58
98800000 36 55 62
98900000 38 54 61
99000000 40 56 61
99100000 44 54 62
99200000 35 52 59
99300000 40 55 62
99400000 44 56 58
99500000 36 57 62
99600000 40 54 58
99700000 36 53 59
99800000 40 56 62
99900000 33 54 58
100000000 36 53 58
100100000 37 57 62
100200000 38 58 61
100300000 40 54 61
100400000 44 53 62
100500000 36 55 60
100600000 40 58 62
100700000 40 58 60
100800000 36 53 62
100900000 40 57 58
101000000 36 49 62
101100000 38 58 61
101200000 40 53 61
101300000 44 55 62
101400000 35 56 62
101500000 36 56 62
101600000 36 58 60
101700000 40 57 62
101800000 40 54 60
101900000 36 54 62
102000000 40 54 58
102100000 36 54 62
102200000 33 38 58
102300000 32 52 61
102400000 38 58 58
102500000 40 53 60
102600000 40 53 61
102700000 36 51 61
102800000 35 56 59
102900000 40 54 61
103000000 34 38 58
103100000 33 59 59
103200000 38 53 61
103300000 42 46 61
103400000 40 58 62
103500000 36 55 61
103600000 38 57 58
103700000 40 53 60
103800000 40 58 61
103900000 45 57 61
104000000 35 51 58
104100000 36 53 61
104200000 40 58 61
104300000 34 38 58
104400000 32 59 62
104500000 38 55 62
104600000 40 56 62
104700000 33 37 62
104800000 34 55 61
104900000 35 56 61
105000000 33 42 61
105100000 33 52 54
105200000 37 59 62
105300000 48 57 62
105400000 40 57 62
105500000 38 57 59
105600000 48 58 59
105700000 45 56 59
105800000 40 58 59
105900000 45 57 58
106000000 44 58 59
106100000 48 58 59
106200000 45 55 59
106300000 48 58 59
106400000 35 59 62
106500000 48 59 62
106600000 40 58 62
106700000 33 51 60
106800000 48 59 62
106900000 40 56 62
107000000 48 58 58
107100000 38 54 58
107200000 45 58 58
107300000 40 58 59
107400000 48 54 59
107500000 45 58 59
107600000 40 52 59
107700000 48 58 59
107800000 45 58 59
107900000 36 54 59
108000000 35 54 62
108100000 48 54 62
108200000 40 55 62
108300000 48 57 58
108400000 36 58 62
108500000 32 54 62
108600000 37 59 62
108700000 48 55 62
108800000 36 53 62
108900000 48 59 62
109000000 35 53 62
109100000 48 58 62
109200000 36 41 62
109300000 37 59 62
109400000 48 54 62
109500000 32 56 62
109600000 36 57 61
109700000 36 57 62
109800000 35 53 62
109900000 36 55 62
110000000 33 38 62
110100000 34 55 58
110200000 36 58 62
110300000 35 51 62
110400000 36 57 61
110500000 34 38 62
110600000 32 37 38
110700000 32 38 38
110800000 34 54 62
110900000 37 54 62
111000000 40 56 62
111100000 36 56 62
111200000 40 58 62
111300000 36 53 62
111400000 36 59 62
111500000 40 58 62
111600000 35 49 62
111700000 36 58 62
111800000 40 58 62
111900000 36 56 62
112000000 33 54 62
112100000 36 52 62
112200000 36 53 61
112300000 36 61 61
112400000 35 42 62
112500000 40 59 61
112600000 36 50 61
112700000 33 46 58
112800000 33 55 58
112900000 38 56 58
113000000 40 55 58
113100000 44 58 59
113200000 45 57 59
113300000 36 52 59
113400000 37 54 62
113500000 48 57 62
113600000 40 58 62
113700000 38 55 59
113800000 48 58 59
113900000 45 57 59
114000000 40 53 59
114100000 45 56 58
114200000 44 56 59
114300000 48 54 59
114400000 45 58 59
114500000 48 58 59
114600000 36 57 58
114700000 40 58 62
114800000 48 53 62
114900000 40 55 62
115000000 44 54 58
115100000 48 58 58
115200000 44 54 58
115300000 40 55 62
115400000 48 55 62
115500000 36 56 62
115600000 40 54 62
115700000 44 58 62
115800000 37 38 62
115900000 36 59 62
116000000 40 58 62
116100000 48 58 58
116200000 38 58 59
116300000 45 59 59
116400000 48 57 59
116500000 40 57 59
116600000 45 57 58
116700000 44 54 59
116800000 48 58 59
116900000 45 58 59
117000000 35 56 59
117100000 36 54 58
117200000 37 57 62
117300000 40 58 62
117400000 48 55 58
117500000 36 57 58
117600000 40 58 62
117700000 48 56 62
117800000 40 55 62
117900000 44 57 58
118000000 48 57 58
118100000 44 58 58
118200000 48 57 58
118300000 40 59 62
118400000 36 52 62
118500000 40 56 62
118600000 44 54 62
118700000 40 54 62
118800000 36 58 62
118900000 48 59 62
119000000 40 57 62
119100000 33 55 58
119200000 40 58 58
119300000 38 53 58
119400000 40 54 59
119500000 45 56 59
119600000 36 58 59
119700000 40 58 60
119800000 48 54 62
119900000 40 57 62
120000000 48 53 58
120100000 44 56 58
120200000 44 57 58
120300000 48 56 58
120400000 40 61 62
120500000 48 54 62
120600000 36 54 62
120700000 44 54 62
120800000 40 54 62
120900000 36 58 62
121000000 48 59 62
121100000 40 56 62
121200000 48 56 58
121300000 38 54 59
121400000 45 54 59
121500000 48 57 59
121600000 40 52 58
121700000 44 57 59
121800000 48 55 59
121900000 45 58 59
122000000 48 57 59
122100000 35 55 58
122200000 36 58 58
122300000 40 54 62
122400000 48 57 62
122500000 40 56 62
122600000 44 58 58
122700000 48 57 58
122800000 44 57 58
122900000 48 58 58
123000000 40 54 62
123100000 36 58 62
123200000 40 59 62
123300000 44 59 62
123400000 40 54 62
123500000 36 59 62
123600000 40 54 62
123700000 48 58 58
123800000 32 54 58
123900000 40 58 58
124000000 38 57 58
124100000 40 57 59
124200000 45 56 59
124300000 40 58 59
124400000 36 58 58
124500000 48 54 58
124600000 36 59 62
124700000 48 57 62
124800000 40 51 62
124900000 48 57 58
125000000 38 58 58
125100000 45 58 58
125200000 40 58 59
125300000 48 51 59
125400000 45 58 59
125500000 40 57 59
125600000 48 55 59
125700000 45 59 59
125800000 35 56 59
125900000 40 55 58
126000000 36 55 58
126100000 40 55 58
126200000 36 59 62
126300000 48 59 62
126400000 40 55 59
126500000 33 37 58
126600000 33 57 58
126700000 38 57 58
126800000 40 58 59
126900000 45 58 59
127000000 48 58 59
127100000 40 54 58
127200000 36 59 62
127300000 48 55 62
127400000 36 53 62
127500000 37 58 62
127600000 48 57 62
127700000 36 58 62
127800000 36 53 60
127900000 48 56 62
128000000 40 55 62
128100000 48 53 58
128200000 38 58 58
128300000 45 57 58
128400000 40 51 59
128500000 48 57 59
128600000 45 57 59
128700000 40 54 59
128800000 48 58 59
128900000 45 56 59
129000000 35 57 59
129100000 40 58 58
129200000 36 57 62
129300000 48 57 62
129400000 36 54 62
129500000 37 56 62
129600000 48 59 62
129700000 36 58 59
129800000 36 57 60
129900000 48 53 62
130000000 40 57 62
130100000 48 54 58
130200000 33 38 58
130300000 32 38 58
130400000 36 52 61
130500000 36 54 62
130600000 35 53 62
130700000 36 55 58
130800000 40 59 62
130900000 36 58 62
131000000 33 54 62
131100000 36 58 58
131200000 40 58 61
131300000 36 53 62
131400000 35 56 62
131500000 36 53 58
131600000 40 54 62
131700000 36 52 62
131800000 32 38 59
131900000 32 57 58
132000000 38 54 58
132100000 40 57 58
132200000 44 58 59
132300000 45 57 59
132400000 36 57 59
132500000 40 58 62
132600000 48 59 62
132700000 40 57 62
132800000 44 58 58
132900000 48 57 58
133000000 44 56 58
133100000 48 58 58
133200000 40 57 62
133300000 36 58 62
133400000 40 58 62
133500000 44 54 62
133600000 40 59 62
133700000 36 58 62
133800000 48 53 62
133900000 40 54 62
134000000 38 58 59
134100000 48 58 59
134200000 45 57 59
134300000 40 54 59
134400000 45 58 58
134500000 44 57 59
134600000 48 54 59
134700000 45 53 59
134800000 48 55 59
134900000 35 57 58
135000000 36 58 58
135100000 40 59 62
135200000 48 57 62
135300000 40 58 62
135400000 44 53 58
135500000 48 57 58
135600000 44 54 58
135700000 40 58 62
135800000 48 59 62
135900000 36 57 62
136000000 40 58 62
136100000 44 54 62
136200000 36 52 62
136300000 48 59 62
136400000 40 57 62
136500000 48 54 58
136600000 33 58 58
136700000 38 54 58
136800000 40 57 58
136900000 44 57 59
137000000 45 57 59
137100000 36 54 59
137200000 37 57 62
137300000 48 58 62
137400000 40 56 62
137500000 48 57 58
137600000 38 57 59
137700000 45 58 59
137800000 48 53 59
137900000 40 58 58
138000000 44 58 59
138100000 48 58 59
138200000 45 56 59
138300000 48 54 59
138400000 36 58 58
138500000 40 58 62
138600000 48 56 62
138700000 40 58 62
138800000 44 57 58
138900000 48 58 58
139000000 44 54 58
139100000 40 60 61
139200000 48 54 62
139300000 36 56 62
139400000 40 55 62
139500000 44 54 62
139600000 40 57 62
139700000 36 59 62
139800000 40 58 62
139900000 48 58 58
140000000 38 55 59
140100000 48 56 59
140200000 45 57 59
140300000 40 54 59
140400000 45 53 58
140500000 44 55 59
140600000 48 57 59
140700000 45 57 59
140800000 35 53 59
140900000 40 54 58
141000000 36 60 62
141100000 48 59 62
141200000 40 58 62
141300000 36 53 58
141400000 40 55 60
141500000 48 57 62
141600000 40 54 62
141700000 48 54 58
141800000 44 58 58
141900000 44 54 58
142000000 48 57 58
142100000 40 57 62
142200000 48 56 62
142300000 36 53 62
142400000 44 58 62
142500000 40 58 62
142600000 36 53 62
142700000 48 54 62
142800000 40 58 62
142900000 34 38 58
143000000 32 58 62
143100000 48 59 62
143200000 40 57 62
143300000 48 53 58
143400000 38 53 58
143500000 45 58 58
143600000 40 54 59
143700000 45 55 59
143800000 48 54 59
143900000 40 54 59
144000000 48 58 59
144100000 45 54 59
144200000 36 55 62
144300000 35 60 62
144400000 48 57 62
144500000 40 54 62
144600000 48 58 58
144700000 34 38 62
144800000 33 51 54
144900000 37 58 62
145000000 48 58 62
145100000 40 57 62
145200000 38 58 59
145300000 48 53 59
145400000 45 53 59
145500000 40 57 59
145600000 45 57 58
145700000 44 57 59
145800000 48 57 59
145900000 45 58 59
146000000 48 55 59
146100000 36 59 62
146200000 48 53 62
146300000 40 57 62
146400000 38 54 58
146500000 45 58 58
146600000 40 57 59
146700000 48 58 59
146800000 45 57 59
146900000 48 58 59
147000000 40 57 59
147100000 45 55 59
147200000 48 58 59
147300000 35 42 62
147400000 37 59 62
147500000 48 54 62
147600000 40 53 59
147700000 36 57 62
147800000 48 54 62
147900000 40 58 62
148000000 48 57 58
148100000 36 58 62
148200000 26 37 62
148300000 32 38 43
148400000 32 38 43
148500000 33 42 43
148600000 32 38 45
148700000 33 38 43
148800000 32 38 38
148900000 32 41 43
149000000 33 38 43
149100000 32 38 45
149200000 33 38 45
149300000 32 37 43
149400000 32 37 38
149500000 32 38 43
149600000 32 38 43
149700000 28 37 43
149800000 32 38 43
149900000 32 38 43
150000000 33 37 43
150100000 32 37 47
150200000 33 38 43
150300000 32 38 38
150400000 32 38 43
150500000 33 37 43
150600000 32 38 47
150700000 32 38 46
150800000 33 38 43
150900000 32 38 38
151000000 32 38 43
151100000 32 43 43
151200000 29 42 43
151300000 32 38 43
151400000 32 43 43
151500000 32 38 43
151600000 36 54 55
151700000 35 54 55
151800000 33 38 55
151900000 32 38 46
152000000 32 38 43
152100000 33 37 38
152200000 32 37 43
152300000 33 43 43
152400000 32 54 55
152500000 35 54 55
152600000 36 54 55
152700000 33 36 55
152800000 32 37 43
152900000 32 37 43
153000000 32 37 43
153100000 32 38 43
153200000 27 37 43
153300000 33 38 43
153400000 32 38 43
153500000 32 37 43
153600000 32 38 45
153700000 32 37 43
153800000 32 37 38
153900000 32 43 43
154000000 33 38 43
154100000 32 45 45
154200000 33 38 45
154300000 32 38 43
154400000 32 38 43
154500000 32 41 43
154600000 32 38 43
154700000 28 37 43
154800000 32 38 43
154900000 33 37 43
155000000 32 38 43
155100000 32 37 46
155200000 32 38 43
155300000 32 38 38
155400000 32 38 43
155500000 33 38 43
155600000 32 38 46
155700000 33 37 46
155800000 32 38 43
155900000 32 37 38
156000000 32 38 43
156100000 32 37 43
156200000 29 37 43
156300000 32 38 43
156400000 32 36 43
156500000 33 42 43
156600000 32 37 47
156700000 32 38 43
156800000 32 38 38
156900000 32 43 43
157000000 33 37 43
157100000 32 38 47
157200000 33 38 46
157300000 32 38 43
157400000 32 36 38
157500000 32 37 43
157600000 32 37 43
157700000 25 38 45
157800000 32 41 45
157900000 33 38 45
158000000 32 43 47
158100000 32 37 47
158200000 32 38 47
158300000 33 37 45
158400000 32 38 38
158500000 32 41 45
158600000 33 43 47
158700000 33 40 47
158800000 32 37 45
158900000 32 45 47
159000000 33 38 45
159100000 32 37 38
159200000 32 38 45
159300000 32 38 45
159400000 29 38 47
159500000 33 38 47
159600000 32 35 47
159700000 32 41 47
159800000 33 44 47
159900000 32 37 47
160000000 32 38 45
160100000 32 38 38
160200000 32 43 47
160300000 33 45 47
160400000 33 37 47
160500000 32 38 47
160600000 33 40 47
160700000 32 38 47
160800000 32 38 45
160900000 32 36 38
161000000 33 38 47
161100000 32 43 47
161200000 26 38 47
161300000 33 54 59
161400000 40 57 59
161500000 35 55 59
161600000 40 58 59
161700000 44 51 59
161800000 32 38 59
161900000 33 58 59
162000000 40 58 59
162100000 35 57 59
162200000 40 58 59
162300000 32 57 59
162400000 40 58 59
162500000 35 57 59
162600000 33 58 59
162700000 48 58 59
162800000 40 57 59
162900000 44 57 59
163000000 48 58 59
163100000 48 57 59
163200000 44 56 59
163300000 48 58 59
163400000 40 53 59
163500000 48 58 59
163600000 35 54 59
163700000 40 57 59
163800000 48 55 59
163900000 44 58 59
164000000 48 57 59
164100000 44 57 59
164200000 48 57 59
164300000 48 54 59
164400000 40 57 59
164500000 48 53 59
164600000 33 58 59
164700000 40 58 59
164800000 48 58 59
164900000 44 54 59
165000000 48 55 59
165100000 44 57 59
165200000 48 56 59
165300000 48 55 59
165400000 40 53 59
165500000 48 50 59
165600000 35 54 59
165700000 40 58 59
165800000 48 55 59
165900000 44 56 59
166000000 48 58 59
166100000 44 59 59
166200000 48 58 59
166300000 40 56 59
166400000 48 56 59
166500000 36 46 59
166600000 33 58 59
166700000 48 54 59
166800000 40 56 59
166900000 48 58 59
167000000 44 55 59
167100000 48 57 59
167200000 48 58 59
167300000 35 58 59
167400000 48 54 59
167500000 40 58 59
167600000 48 57 59
167700000 44 58 59
167800000 48 57 59
167900000 48 58 59
168000000 32 58 59
168100000 48 55 59
168200000 44 58 59
168300000 48 57 59
168400000 44 57 59
168500000 48 58 59
168600000 46 55 59
168700000 48 57 59
168800000 46 58 59
168900000 48 55 59
169000000 44 57 59
169100000 48 54 59
169200000 48 54 59
169300000 42 57 58
169400000 48 58 58
169500000 45 55 58
169600000 48 57 58
169640571 40 64 64
