Iteration min current max
0 0 0 0
100000 0 38 41
200000 32 38 41
300000 32 39 46
400000 32 38 46
500000 32 38 41
600000 32 38 38
700000 32 37 41
800000 33 38 46
900000 32 38 41
1000000 32 38 46
1100000 32 38 41
1200000 32 38 38
1300000 33 38 41
1400000 32 36 41
1500000 29 38 41
1600000 32 38 41
1700000 32 38 46
1800000 32 38 46
1900000 32 38 41
2000000 32 37 38
2100000 32 38 38
2200000 33 38 46
2300000 32 38 41
2400000 33 38 46
2500000 32 38 41
2600000 32 38 38
2700000 32 38 41
2800000 32 38 41
2900000 28 38 41
3000000 32 38 41
3100000 32 37 46
3200000 32 41 46
3300000 32 38 46
3400000 32 38 41
3500000 33 37 38
3600000 32 41 46
3700000 32 41 46
3800000 33 37 46
3900000 32 37 41
4000000 32 37 38
4100000 32 38 41
4200000 32 38 41
4300000 29 41 41
4400000 32 37 41
4500000 32 38 47
4600000 32 38 47
4700000 32 38 47
4800000 32 38 41
4900000 33 38 38
5000000 32 37 47
5100000 33 37 47
5200000 32 38 47
5300000 32 38 41
5400000 32 38 41
5500000 32 41 41
5600000 32 38 41
5700000 28 37 41
5800000 32 38 41
5900000 32 41 41
6000000 33 37 47
6100000 32 36 47
6200000 33 35 41
6300000 32 38 38
6400000 32 38 47
6500000 33 38 47
6600000 32 37 41
6700000 32 38 47
6800000 32 38 41
6900000 32 38 41
7000000 32 37 41
7100000 29 38 41
7200000 32 38 41
7300000 33 38 41
7400000 32 37 47
7500000 32 38 47
7600000 32 38 41
7700000 32 38 38
7800000 32 37 41
7900000 33 38 47
8000000 32 38 41
8100000 32 38 47
8200000 32 36 41
8300000 32 37 38
8400000 32 38 41
8500000 33 38 41
8600000 28 38 41
8700000 32 38 41
8800000 32 38 46
8900000 32 38 46
9000000 32 38 41
9100000 32 37 38
9200000 32 38 41
9300000 33 38 46
9400000 32 37 41
9500000 32 38 46
9600000 33 38 41
9700000 32 37 38
9800000 32 38 41
9900000 32 37 41
10000000 29 37 41
10100000 32 35 41
10200000 32 38 46
10300000 32 37 46
10400000 32 38 41
10500000 32 38 38
10600000 33 37 38
10700000 32 38 46
10800000 32 37 41
10900000 33 38 46
11000000 32 38 41
11100000 32 38 38
11200000 32 37 41
11300000 32 38 41
11400000 26 38 41
11500000 32 38 41
11600000 32 37 43
11700000 32 38 43
11800000 32 38 43
11900000 32 38 41
12000000 33 38 38
12100000 32 38 43
12200000 32 41 43
12300000 33 38 43
12400000 32 38 41
12500000 32 38 38
12600000 32 38 41
12700000 32 38 41
12800000 29 41 41
12900000 32 38 41
13000000 32 37 43
13100000 32 38 43
13200000 32 38 43
13300000 32 38 41
13400000 33 37 38
13500000 32 38 43
13600000 32 38 43
13700000 33 37 43
13800000 32 38 41
13900000 32 37 41
14000000 32 38 41
14100000 32 38 41
14200000 29 38 41
14300000 32 37 41
14400000 32 38 41
14500000 32 37 43
14600000 32 36 43
14700000 32 37 41
14800000 33 38 38
14900000 32 38 43
15000000 33 37 43
15100000 32 38 43
15200000 32 37 41
15300000 32 38 41
15400000 32 41 41
15500000 32 38 41
15600000 30 37 41
15700000 32 37 41
15800000 32 40 41
15900000 33 38 43
16000000 32 38 43
16100000 33 37 41
16200000 32 37 38
16300000 32 38 43
16400000 33 38 43
16500000 32 41 43
16600000 32 38 43
16700000 32 38 41
16800000 32 38 41
16900000 32 37 41
17000000 28 41 41
17100000 32 41 41
17200000 32 37 41
17300000 33 38 43
17400000 32 38 43
17500000 33 36 41
17600000 32 38 38
17700000 32 38 41
17800000 33 38 43
17900000 32 37 41
18000000 32 38 43
18100000 32 37 41
18200000 32 37 41
18300000 32 38 41
18400000 29 38 41
18500000 32 38 41
18600000 33 38 41
18700000 32 37 43
18800000 32 38 43
18900000 32 37 41
19000000 32 38 38
19100000 32 38 41
19200000 33 41 43
19300000 32 38 41
19400000 32 38 43
19500000 32 36 41
19600000 32 40 41
19700000 32 37 41
19800000 28 38 41
19900000 33 38 41
20000000 32 38 41
20100000 32 38 43
20200000 32 38 43
20300000 32 38 41
20400000 32 38 38
20500000 32 38 41
20600000 33 38 43
20700000 32 38 41
20800000 32 38 43
20900000 32 38 41
21000000 32 38 38
21100000 32 36 41
21200000 33 37 41
21300000 29 37 41
21400000 32 37 41
21500000 32 38 43
21600000 32 37 43
21700000 32 38 41
21800000 32 38 38
21900000 32 38 41
22000000 33 38 43
22100000 32 37 41
22200000 32 38 43
22300000 32 37 41
22400000 33 38 38
22500000 32 38 41
22600000 32 38 41
22700000 29 37 41
22800000 32 38 41
22900000 32 41 43
23000000 32 38 43
23100000 32 37 41
23200000 32 38 38
23300000 32 39 41
23400000 33 37 43
23500000 32 38 41
23600000 33 38 43
23700000 32 38 41
23800000 32 38 38
23900000 32 38 41
24000000 32 38 41
24100000 30 38 41
24200000 32 41 41
24300000 32 38 43
24400000 32 37 43
24500000 32 38 41
24600000 32 38 38
24700000 33 38 38
24800000 32 38 43
24900000 32 38 41
25000000 33 36 43
25100000 32 37 41
25200000 32 37 38
25300000 32 38 41
25400000 32 38 41
25500000 28 38 41
25600000 32 38 41
25700000 32 38 43
25800000 32 40 43
25900000 32 38 43
26000000 32 38 41
26100000 33 37 38
26200000 32 40 43
26300000 32 40 43
26400000 33 38 43
26500000 32 38 41
26600000 32 38 38
26700000 32 38 41
26800000 32 41 41
26900000 29 41 41
27000000 32 38 41
27100000 32 37 43
27200000 32 37 43
27300000 32 38 43
27400000 32 38 41
27500000 33 38 38
27600000 32 37 43
27700000 32 37 43
27800000 33 37 43
27900000 32 41 41
28000000 32 36 41
28100000 32 38 41
28200000 32 38 41
28300000 29 38 41
28400000 32 38 41
28500000 32 38 41
28600000 32 41 43
28700000 32 38 43
28800000 32 36 41
28900000 33 37 38
29000000 32 37 43
29100000 32 33 43
29200000 33 38 43
29300000 32 38 41
29400000 32 38 41
29500000 32 40 41
29600000 32 38 41
29700000 30 37 41
29800000 32 38 41
29900000 32 37 41
30000000 32 38 43
30100000 32 38 43
30200000 32 37 41
30300000 33 37 38
30400000 32 39 43
30500000 33 36 43
30600000 32 41 43
30700000 32 37 41
30800000 32 38 41
30900000 32 38 41
31000000 32 37 41
31100000 25 42 42
31200000 32 38 46
31300000 33 37 46
31400000 32 54 55
31500000 45 55 55
31600000 33 55 55
31700000 33 38 55
31800000 32 53 55
31900000 45 55 55
32000000 41 53 55
32100000 42 54 55
32200000 39 57 58
32300000 48 53 58
32400000 45 58 58
32500000 48 53 58
32600000 33 38 58
32700000 32 37 42
32800000 32 38 38
32900000 32 42 42
33000000 33 54 55
33100000 41 53 55
33200000 45 54 55
33300000 42 54 55
33400000 39 54 58
33500000 48 57 58
33600000 45 55 58
33700000 48 57 58
33800000 33 51 58
33900000 45 55 55
34000000 41 55 55
34100000 42 52 55
34200000 39 56 58
34300000 48 58 58
34400000 45 58 58
34500000 48 57 58
34600000 34 38 58
34700000 32 37 46
34800000 33 54 55
34900000 45 53 55
35000000 41 55 55
35100000 42 55 55
35200000 39 58 58
35300000 48 58 58
35400000 45 57 58
35500000 48 54 58
35600000 34 38 58
35700000 32 38 42
35800000 32 38 42
35900000 32 36 42
36000000 32 42 46
36100000 33 38 46
36200000 30 37 45
36300000 32 41 42
36400000 32 54 55
36500000 33 38 55
36600000 33 37 55
36700000 32 55 55
36800000 39 42 55
36900000 32 38 47
37000000 32 38 42
37100000 33 34 38
37200000 32 55 55
37300000 41 53 55
37400000 33 55 55
37500000 34 38 55
37600000 32 38 45
37700000 33 55 55
37800000 41 53 55
37900000 32 38 55
38000000 32 38 42
38100000 32 37 38
38200000 33 38 45
38300000 32 38 45
38400000 26 37 45
38500000 32 38 45
38600000 33 39 45
38700000 32 55 58
38800000 48 54 58
38900000 48 58 58
39000000 43 57 58
39100000 48 54 58
39200000 36 56 60
39300000 43 56 60
39400000 35 58 60
39500000 48 58 58
39600000 43 56 58
39700000 48 57 58
39800000 48 53 58
39900000 36 57 60
40000000 43 57 60
40100000 33 56 60
40200000 48 57 58
40300000 43 57 58
40400000 48 54 58
40500000 48 58 58
40600000 36 55 60
40700000 43 55 60
40800000 35 58 60
40900000 48 57 58
41000000 43 58 58
41100000 48 55 58
41200000 36 58 58
41300000 43 57 60
41400000 48 57 60
41500000 32 38 58
41600000 33 57 58
41700000 48 58 58
41800000 43 57 58
41900000 48 57 58
42000000 35 57 58
42100000 48 54 58
42200000 43 57 58
42300000 48 51 58
42400000 48 53 58
42500000 32 37 58
42600000 32 38 45
42700000 33 37 38
42800000 32 44 45
42900000 33 57 58
43000000 48 57 58
43100000 43 56 58
43200000 48 57 58
43300000 36 54 60
43400000 43 55 60
43500000 35 54 60
43600000 48 56 58
43700000 43 56 58
43800000 48 54 58
43900000 48 58 58
44000000 36 54 60
44100000 43 55 60
44200000 33 58 58
44300000 48 58 58
44400000 43 57 58
44500000 48 56 58
44600000 36 57 58
44700000 43 54 60
44800000 35 56 60
44900000 48 55 58
45000000 48 58 58
45100000 43 58 58
45200000 48 57 58
45300000 36 57 60
45400000 43 54 60
45500000 33 45 58
45600000 32 38 45
45700000 33 54 58
45800000 48 58 58
45900000 43 56 58
46000000 48 57 58
46100000 48 58 58
46200000 35 53 58
46300000 48 58 58
46400000 43 57 58
46500000 48 55 58
46600000 33 38 58
46700000 32 44 45
46800000 32 38 45
46900000 32 38 45
47000000 33 38 45
47100000 32 45 45
47200000 26 45 45
47300000 33 43 45
47400000 33 38 45
47500000 32 45 45
47600000 33 37 45
47700000 32 45 47
47800000 33 43 47
47900000 32 38 45
48000000 32 37 47
48100000 33 36 45
48200000 32 38 38
48300000 32 45 45
48400000 34 38 45
48500000 33 45 47
48600000 33 39 47
48700000 33 44 45
48800000 33 38 45
48900000 32 37 45
49000000 33 42 47
49100000 32 44 47
49200000 33 37 45
49300000 32 38 38
49400000 32 38 45
49500000 33 45 45
49600000 32 43 45
49700000 33 42 45
49800000 29 44 47
49900000 33 38 47
50000000 33 44 47
50100000 33 38 47
50200000 32 38 47
50300000 33 46 47
50400000 32 37 47
50500000 33 45 47
50600000 33 45 47
50700000 33 46 47
50800000 32 38 47
50900000 33 38 47
51000000 32 38 47
51100000 33 38 47
51200000 32 38 38
51300000 32 44 47
51400000 36 45 47
51500000 33 42 47
51600000 33 38 47
51700000 33 38 47
51800000 33 45 47
51900000 34 38 47
52000000 33 45 47
52100000 32 46 47
52200000 33 46 47
52300000 36 46 47
52400000 32 38 47
52500000 33 46 47
52600000 32 38 47
52700000 32 38 47
52800000 33 37 47
52900000 33 46 47
53000000 33 38 47
53100000 32 38 47
53200000 33 45 47
53300000 25 37 47
53400000 33 38 43
53500000 32 38 43
53600000 32 38 43
53700000 33 43 43
53800000 32 37 43
53900000 32 37 43
54000000 32 37 38
54100000 32 43 43
54200000 33 38 43
54300000 33 42 43
54400000 32 38 43
54500000 33 37 43
54600000 32 38 43
54700000 32 38 43
54800000 32 38 43
54900000 32 42 43
55000000 33 38 43
55100000 29 41 43
55200000 32 37 43
55300000 32 41 43
55400000 33 38 43
55500000 32 43 43
55600000 32 38 43
55700000 32 38 43
55800000 33 38 38
55900000 32 41 43
56000000 33 38 43
56100000 32 42 43
56200000 33 41 43
56300000 32 38 43
56400000 32 38 43
56500000 32 43 43
56600000 33 38 43
56700000 32 43 43
56800000 29 38 43
56900000 32 38 43
57000000 33 37 43
57100000 32 38 43
57200000 32 38 43
57300000 32 43 43
57400000 33 37 43
57500000 32 38 38
57600000 32 42 43
57700000 33 38 43
57800000 33 38 43
57900000 32 38 43
58000000 32 42 43
58100000 33 38 43
58200000 32 38 38
58300000 32 37 43
58400000 32 38 43
58500000 30 42 43
58600000 33 37 43
58700000 32 43 43
58800000 32 40 43
58900000 33 38 43
59000000 32 38 43
59100000 32 38 43
59200000 32 38 38
59300000 32 41 43
59400000 33 38 43
59500000 33 41 43
59600000 32 38 43
59700000 33 38 43
59800000 32 38 43
59900000 32 38 38
60000000 32 40 43
60100000 32 38 43
60200000 33 38 43
60300000 28 38 43
60400000 32 38 43
60500000 32 37 43
60600000 33 38 43
60700000 32 38 43
60800000 32 38 43
60900000 32 37 43
61000000 33 36 38
61100000 32 43 43
61200000 33 38 43
61300000 32 38 43
61400000 33 37 43
61500000 32 36 43
61600000 32 38 43
61700000 32 38 43
61800000 33 38 43
61900000 32 38 43
62000000 29 38 43
62100000 32 38 43
62200000 33 38 43
62300000 32 42 43
62400000 32 38 43
62500000 32 38 43
62600000 32 38 43
62700000 33 38 38
62800000 32 43 43
62900000 33 41 43
63000000 33 38 43
63100000 32 41 43
63200000 32 38 43
63300000 32 37 43
63400000 32 38 38
63500000 33 38 43
63600000 32 38 43
63700000 28 41 43
63800000 33 38 43
63900000 32 43 43
64000000 32 38 43
64100000 32 38 43
64200000 32 38 43
64300000 33 37 43
64400000 32 38 38
64500000 32 42 43
64600000 33 38 43
64700000 33 38 43
64800000 32 38 43
64900000 33 37 43
65000000 32 38 43
65100000 32 38 38
65200000 32 42 43
65300000 32 38 43
65400000 33 38 43
65500000 29 38 43
65600000 32 38 43
65700000 32 42 43
65800000 33 41 43
65900000 32 37 43
66000000 32 38 43
66100000 32 38 38
66200000 33 38 38
66300000 32 38 43
66400000 33 42 43
66500000 32 37 43
66600000 33 38 43
66700000 32 37 43
66800000 32 38 43
66900000 32 38 43
67000000 32 37 43
67100000 33 37 43
67200000 29 42 43
67300000 32 38 43
67400000 33 38 43
67500000 32 38 43
67600000 32 41 43
67700000 32 38 43
67800000 32 38 43
67900000 33 37 38
68000000 32 38 43
68100000 33 38 43
68200000 32 38 43
68300000 33 42 43
68400000 32 38 43
68500000 32 36 43
68600000 32 38 38
68700000 33 36 43
68800000 32 42 43
68900000 30 37 43
69000000 32 38 43
69100000 33 38 43
69200000 32 38 43
69300000 32 42 43
69400000 32 38 43
69500000 33 38 43
69600000 32 38 38
69700000 32 38 43
69800000 33 41 43
69900000 33 42 43
70000000 32 38 43
70100000 32 38 43
70200000 33 38 43
70300000 32 38 38
70400000 32 42 43
70500000 32 38 43
70600000 28 37 43
70700000 33 37 43
70800000 32 38 43
70900000 32 38 43
71000000 33 41 43
71100000 32 38 43
71200000 32 38 43
71300000 32 35 38
71400000 32 42 43
71500000 33 38 43
71600000 33 41 43
71700000 32 36 43
71800000 33 37 43
71900000 32 37 43
72000000 32 38 43
72100000 32 38 43
72200000 32 41 43
72300000 33 38 43
72400000 29 42 43
72500000 32 38 43
72600000 32 43 43
72700000 33 39 43
72800000 32 38 43
72900000 32 38 43
73000000 32 36 43
73100000 33 38 38
73200000 32 42 43
73300000 33 38 43
73400000 32 39 43
73500000 33 42 43
73600000 32 38 43
73700000 32 38 43
73800000 32 38 43
73900000 33 38 43
74000000 32 43 43
74100000 29 38 43
74200000 32 37 43
74300000 33 37 43
74400000 32 38 43
74500000 32 38 43
74600000 32 42 43
74700000 33 38 43
74800000 32 36 38
74900000 32 42 43
75000000 33 38 43
75100000 33 38 43
75200000 32 37 43
75300000 32 38 43
75400000 33 38 43
75500000 32 38 38
75600000 32 38 43
75700000 32 38 43
75800000 30 43 43
75900000 33 38 43
76000000 32 42 43
76100000 32 42 43
76200000 33 37 43
76300000 32 37 43
76400000 32 38 43
76500000 32 37 38
76600000 32 42 43
76700000 33 38 43
76800000 33 39 43
76900000 32 36 43
77000000 33 38 43
77100000 32 38 43
77200000 32 38 38
77300000 32 42 43
77400000 32 38 43
77500000 33 38 43
77600000 26 55 62
77700000 40 58 62
77800000 36 60 62
77900000 48 54 62
78000000 40 58 62
78100000 33 49 62
78200000 40 56 62
78300000 48 57 62
78400000 36 57 62
78500000 40 56 62
78600000 36 38 62
78700000 36 58 62
78800000 40 56 62
78900000 33 37 62
79000000 32 58 62
79100000 40 58 62
79200000 44 59 62
79300000 48 54 62
79400000 40 58 62
79500000 33 53 59
79600000 37 57 62
79700000 40 55 62
79800000 36 58 62
79900000 40 56 62
80000000 44 52 62
80100000 40 62 62
80200000 48 58 62
80300000 32 56 61
80400000 37 61 62
80500000 33 60 62
80600000 40 53 62
80700000 33 37 62
80800000 33 56 60
80900000 48 58 59
81000000 40 58 59
81100000 48 57 59
81200000 33 57 59
81300000 48 57 59
81400000 40 55 59
81500000 48 54 59
81600000 44 58 59
81700000 48 58 59
81800000 48 56 59
81900000 40 58 59
82000000 35 38 59
82100000 32 38 47
82200000 32 46 46
82300000 32 38 46
82400000 33 38 38
82500000 32 60 62
82600000 36 61 62
82700000 36 45 62
82800000 36 62 62
82900000 33 57 62
83000000 36 51 62
83100000 33 38 62
83200000 33 55 59
83300000 40 54 59
83400000 48 55 59
83500000 36 57 60
83600000 48 55 59
83700000 40 57 59
83800000 48 55 59
83900000 36 58 59
84000000 48 57 59
84100000 40 58 59
84200000 48 55 59
84300000 33 53 59
84400000 40 59 59
84500000 48 54 59
84600000 36 54 59
84700000 48 58 59
84800000 40 54 59
84900000 48 58 59
85000000 32 58 59
85100000 48 58 59
85200000 40 59 59
85300000 48 55 59
85400000 44 55 59
85500000 48 55 59
85600000 40 55 59
85700000 36 57 59
85800000 48 53 59
85900000 40 58 59
86000000 48 58 59
86100000 44 58 59
86200000 48 52 59
86300000 40 57 59
86400000 48 59 59
86500000 33 37 59
86600000 33 59 59
86700000 40 56 59
86800000 48 58 59
86900000 44 53 59
87000000 48 56 59
87100000 40 57 59
87200000 36 45 58
87300000 39 57 59
87400000 48 52 59
87500000 40 52 59
87600000 48 58 59
87700000 44 57 59
87800000 48 57 59
87900000 40 54 59
88000000 48 58 59
88100000 32 41 58
88200000 33 35 46
88300000 32 38 38
88400000 32 58 59
88500000 40 55 59
88600000 36 57 59
88700000 48 58 59
88800000 40 58 59
88900000 48 52 59
89000000 33 45 59
89100000 39 57 59
89200000 48 53 59
89300000 36 58 60
89400000 48 56 59
89500000 40 56 59
89600000 48 58 59
89700000 36 59 59
89800000 48 55 59
89900000 40 52 59
90000000 48 58 59
90100000 33 38 59
90200000 32 58 59
90300000 48 54 59
90400000 40 59 59
90500000 48 58 59
90600000 44 57 59
90700000 48 58 59
90800000 40 58 59
90900000 48 54 59
91000000 33 38 59
91100000 33 51 60
91200000 48 58 59
91300000 40 58 59
91400000 48 57 59
91500000 36 53 59
91600000 48 58 59
91700000 40 59 59
91800000 48 57 59
91900000 44 57 59
92000000 48 58 59
92100000 40 52 59
92200000 48 57 59
92300000 35 46 59
92400000 28 57 62
92500000 44 57 62
92600000 48 54 62
92700000 40 59 60
92800000 44 57 62
92900000 36 54 62
93000000 44 58 62
93100000 48 58 62
93200000 40 58 62
93300000 44 57 62
93400000 33 55 62
93500000 44 57 62
93600000 48 58 62
93700000 40 56 60
93800000 44 55 62
93900000 36 54 61
94000000 37 58 62
94100000 44 59 62
94200000 40 56 62
94300000 44 53 62
94400000 36 46 62
94500000 36 53 62
94600000 44 58 62
94700000 40 58 62
94800000 44 51 62
94900000 35 46 62
95000000 32 53 62
95100000 48 54 59
95200000 44 58 62
95300000 40 59 61
95400000 40 58 62
95500000 44 58 62
95600000 34 38 59
95700000 33 42 60
95800000 37 57 62
95900000 44 55 62
96000000 40 58 62
96100000 36 61 62
96200000 48 55 62
96300000 44 59 62
96400000 40 55 61
96500000 40 57 62
96600000 44 54 62
96700000 36 45 59
96800000 32 53 61
96900000 37 61 62
97000000 40 58 62
97100000 34 38 62
97200000 33 59 62
97300000 36 43 62
97400000 33 46 46
97500000 37 56 60
97600000 48 56 59
97700000 44 59 59
97800000 48 57 59
97900000 40 58 59
98000000 48 58 59
98100000 44 55 59
98200000 48 58 59
98300000 33 53 59
98400000 48 56 59
98500000 48 57 59
98600000 44 58 59
98700000 48 55 59
98800000 40 57 59
98900000 48 58 59
99000000 40 58 59
99100000 48 57 59
99200000 44 55 59
99300000 35 42 59
99400000 32 36 47
99500000 32 44 46
99600000 32 38 46
99700000 33 38 38
99800000 32 56 62
99900000 40 54 62
100000000 36 58 62
100100000 44 57 62
100200000 40 57 62
100300000 36 58 62
100400000 40 59 62
100500000 44 61 62
100600000 33 60 62
100700000 36 58 62
100800000 40 51 62
100900000 33 38 62
101000000 33 46 47
101100000 39 53 59
101200000 40 57 59
101300000 44 54 59
101400000 48 56 59
101500000 36 42 60
101600000 39 54 59
101700000 44 58 59
101800000 48 54 59
101900000 40 56 59
102000000 48 56 59
102100000 44 56 59
102200000 48 54 59
102300000 36 45 59
102400000 36 52 59
102500000 48 58 59
102600000 44 55 59
102700000 40 57 59
102800000 48 58 59
102900000 44 56 59
103000000 48 58 59
103100000 48 56 59
103200000 33 58 59
103300000 40 56 59
103400000 48 57 59
103500000 44 54 59
103600000 36 54 59
103700000 48 51 59
103800000 44 56 59
103900000 48 58 59
104000000 40 55 59
104100000 48 58 59
104200000 44 58 59
104300000 48 58 59
104400000 32 38 59
104500000 33 55 59
104600000 44 57 59
104700000 48 57 59
104800000 40 57 59
104900000 48 57 59
105000000 40 54 59
105100000 44 55 59
105200000 36 55 59
105300000 48 55 59
105400000 44 58 59
105500000 48 57 59
105600000 40 56 59
105700000 48 55 59
105800000 48 53 59
105900000 40 58 59
106000000 44 58 59
106100000 48 58 59
106200000 33 37 59
106300000 33 56 59
106400000 48 58 59
106500000 44 58 59
106600000 48 53 59
106700000 40 55 59
106800000 40 56 59
106900000 48 55 59
107000000 44 56 59
107100000 36 55 59
107200000 48 57 59
107300000 44 54 59
107400000 48 54 59
107500000 40 57 59
107600000 48 53 59
107700000 40 58 59
107800000 48 57 59
107900000 44 53 59
108000000 48 55 59
108100000 33 38 59
108200000 32 43 46
108300000 32 38 46
108400000 32 55 59
108500000 44 55 59
108600000 40 58 59
108700000 44 53 59
108800000 36 46 59
108900000 39 58 59
109000000 44 57 59
109100000 48 58 59
109200000 40 53 59
109300000 48 58 59
109400000 44 59 59
109500000 48 58 59
109600000 35 42 59
109700000 33 57 59
109800000 40 58 59
109900000 48 55 59
110000000 44 57 59
110100000 36 54 60
110200000 37 57 59
110300000 48 53 59
110400000 44 58 59
110500000 48 55 59
110600000 40 58 59
110700000 48 58 59
110800000 44 58 59
110900000 48 56 59
111000000 36 55 59
111100000 48 55 59
111200000 44 58 59
111300000 48 58 59
111400000 40 50 59
111500000 48 56 59
111600000 44 54 59
111700000 48 58 59
111800000 33 38 58
111900000 32 58 59
112000000 48 58 59
112100000 44 57 59
112200000 48 57 59
112300000 40 52 59
112400000 48 56 59
112500000 40 58 59
112600000 48 58 59
112700000 44 53 59
112800000 48 54 59
112900000 33 54 60
113000000 37 56 60
113100000 48 56 59
113200000 44 58 59
113300000 48 58 59
113400000 40 58 59
113500000 48 57 59
113600000 44 57 59
113700000 48 57 59
113800000 36 57 59
113900000 48 58 59
114000000 44 58 59
114100000 48 58 59
114200000 40 57 59
114300000 48 54 59
114400000 40 59 59
114500000 48 58 59
114600000 44 56 59
114700000 48 57 59
114800000 33 38 59
114900000 29 54 58
115000000 38 53 62
115100000 48 58 62
115200000 45 58 62
115300000 40 57 60
115400000 45 60 60
115500000 44 53 62
115600000 45 54 62
115700000 36 56 62
115800000 40 57 60
115900000 40 56 62
116000000 44 54 58
116100000 40 58 60
116200000 36 57 62
116300000 40 56 58
116400000 40 52 58
116500000 36 58 60
116600000 38 57 62
116700000 48 56 62
116800000 45 57 62
116900000 40 54 62
117000000 45 59 62
117100000 44 58 62
117200000 45 55 62
117300000 35 54 62
117400000 40 58 58
117500000 36 58 58
117600000 40 57 62
117700000 40 53 60
117800000 44 55 58
117900000 40 59 62
118000000 36 51 60
118100000 44 51 58
118200000 40 55 58
118300000 36 53 62
118400000 33 57 58
118500000 40 51 58
118600000 38 54 62
118700000 45 57 62
118800000 40 60 62
118900000 45 58 60
119000000 44 57 61
119100000 45 58 62
119200000 48 48 62
119300000 36 58 61
119400000 37 54 61
119500000 38 44 62
119600000 39 59 62
119700000 45 57 62
119800000 40 60 62
119900000 45 57 62
120000000 44 56 62
120100000 45 58 62
120200000 36 57 62
120300000 40 57 59
120400000 40 58 62
120500000 44 56 58
120600000 44 57 58
120700000 36 56 62
120800000 40 56 58
120900000 44 58 58
121000000 36 54 59
121100000 40 54 62
121200000 38 61 62
121300000 45 55 62
121400000 40 62 62
121500000 48 57 62
121600000 45 58 62
121700000 44 56 62
121800000 45 55 62
121900000 35 53 59
122000000 36 54 58
122100000 37 53 62
122200000 36 53 58
122300000 40 59 60
122400000 40 55 62
122500000 44 53 58
122600000 40 54 60
122700000 36 54 62
122800000 40 54 58
122900000 40 54 58
123000000 36 58 60
123100000 33 38 62
123200000 32 58 59
123300000 40 57 61
123400000 38 55 62
123500000 45 58 62
123600000 40 59 61
123700000 45 52 61
123800000 48 52 59
123900000 40 58 62
124000000 45 57 62
124100000 36 56 59
124200000 35 57 59
124300000 40 55 61
124400000 34 38 58
124500000 33 50 60
124600000 37 58 61
124700000 38 57 62
124800000 45 57 62
124900000 40 54 62
125000000 45 58 62
125100000 44 58 62
125200000 36 53 59
125300000 38 52 61
125400000 48 54 62
125500000 45 51 62
125600000 40 52 61
125700000 45 58 61
125800000 40 57 62
125900000 48 48 59
126000000 45 56 62
126100000 36 55 59
126200000 35 57 61
126300000 36 55 59
126400000 40 57 61
126500000 34 38 58
126600000 32 54 61
126700000 37 58 62
126800000 38 57 62
126900000 40 59 62
127000000 44 58 62
127100000 45 56 62
127200000 35 56 62
127300000 33 46 61
127400000 39 58 62
127500000 40 59 62
127600000 35 56 62
127700000 33 37 61
127800000 33 53 60
127900000 37 59 62
128000000 48 58 62
128100000 40 58 62
128200000 48 58 58
128300000 38 57 59
128400000 48 55 59
128500000 45 56 59
128600000 48 56 59
128700000 40 55 59
128800000 48 58 59
128900000 45 56 59
129000000 48 57 59
129100000 44 56 59
129200000 48 57 59
129300000 45 58 59
129400000 48 57 59
129500000 35 57 60
129600000 48 58 62
129700000 40 53 62
129800000 48 57 58
129900000 33 58 62
130000000 48 55 62
130100000 40 57 62
130200000 48 57 58
130300000 38 54 59
130400000 48 58 59
130500000 45 57 59
130600000 48 56 59
130700000 40 55 59
130800000 48 58 59
130900000 48 53 59
131000000 45 58 59
131100000 48 58 59
131200000 40 58 59
131300000 48 58 59
131400000 45 56 59
131500000 36 58 59
131600000 35 57 62
131700000 48 59 62
131800000 48 55 62
131900000 40 58 59
132000000 36 58 58
132100000 32 45 62
132200000 33 57 62
132300000 48 58 62
132400000 36 54 62
132500000 37 56 62
132600000 48 58 62
132700000 35 54 62
132800000 48 56 62
132900000 48 61 62
133000000 36 55 62
133100000 48 59 62
133200000 33 38 62
133300000 32 43 58
133400000 40 58 62
133500000 35 53 62
133600000 36 59 59
133700000 36 54 62
133800000 33 55 62
133900000 36 52 61
134000000 36 54 62
134100000 35 57 62
134200000 36 58 62
134300000 33 36 62
134400000 32 38 38
134500000 32 54 58
134600000 38 51 62
134700000 40 53 62
134800000 44 56 62
134900000 36 56 61
135000000 37 57 62
135100000 38 57 62
135200000 40 57 62
135300000 44 58 62
135400000 45 58 62
135500000 36 57 62
135600000 44 55 58
135700000 36 54 62
135800000 36 59 62
135900000 38 58 62
136000000 40 56 62
136100000 45 57 62
136200000 44 50 62
136300000 35 58 62
136400000 36 56 62
136500000 40 58 62
136600000 40 59 61
136700000 36 56 62
136800000 34 38 62
136900000 33 51 62
137000000 36 54 62
137100000 40 58 61
137200000 36 39 61
137300000 36 58 62
137400000 40 60 62
137500000 35 54 62
137600000 36 58 61
137700000 36 50 61
137800000 36 55 61
137900000 33 43 58
138000000 33 52 58
138100000 38 56 59
138200000 45 57 59
138300000 40 58 59
138400000 45 54 59
138500000 48 58 59
138600000 44 57 59
138700000 45 57 59
138800000 36 54 59
138900000 40 54 60
139000000 37 59 62
139100000 48 54 62
139200000 40 57 59
139300000 38 58 59
139400000 48 57 59
139500000 45 56 59
139600000 48 58 59
139700000 40 57 59
139800000 48 54 59
139900000 45 54 59
140000000 48 57 59
140100000 44 55 59
140200000 48 58 59
140300000 45 55 59
140400000 48 57 59
140500000 36 56 59
140600000 48 54 58
140700000 40 55 60
140800000 48 59 62
140900000 48 58 62
141000000 40 57 59
141100000 44 58 58
141200000 48 58 58
141300000 44 58 58
141400000 48 57 58
141500000 40 53 62
141600000 48 54 62
141700000 36 58 62
141800000 40 55 62
141900000 44 52 62
142000000 40 56 63
142100000 36 57 63
142200000 48 58 62
142300000 40 55 62
142400000 48 55 58
142500000 38 59 59
142600000 48 57 59
142700000 45 58 59
142800000 40 57 59
142900000 48 54 59
143000000 48 55 59
143100000 45 58 59
143200000 48 50 59
143300000 44 57 59
143400000 48 57 59
143500000 45 58 59
143600000 48 56 59
143700000 35 58 58
143800000 36 54 58
143900000 37 61 62
144000000 48 50 62
144100000 40 54 58
144200000 36 58 58
144300000 48 58 58
144400000 40 58 62
144500000 48 58 62
144600000 40 58 62
144700000 48 57 58
144800000 44 57 58
144900000 48 54 58
145000000 44 58 58
145100000 48 57 58
145200000 40 59 62
145300000 48 58 62
145400000 36 58 62
145500000 40 58 62
145600000 44 57 63
145700000 40 54 63
145800000 36 59 62
145900000 48 53 62
146000000 40 52 59
146100000 33 38 58
146200000 34 58 58
146300000 38 55 59
146400000 45 58 59
146500000 40 58 59
146600000 45 57 59
146700000 44 53 59
146800000 45 57 59
146900000 48 58 59
147000000 36 57 58
147100000 40 54 60
147200000 48 57 62
147300000 48 55 62
147400000 40 54 62
147500000 48 57 58
147600000 44 55 58
147700000 44 57 58
147800000 48 57 58
147900000 40 59 62
148000000 48 59 62
148100000 36 58 62
148200000 40 57 62
148300000 44 58 62
148400000 40 59 63
148500000 36 59 63
148600000 48 58 62
148700000 40 58 62
148800000 48 55 58
148900000 38 56 59
149000000 48 57 59
149100000 45 59 59
149200000 48 54 59
149300000 40 58 59
149400000 48 58 59
149500000 45 58 59
149600000 48 57 59
149700000 44 54 59
149800000 48 57 59
149900000 45 54 59
150000000 48 57 59
150100000 35 54 58
150200000 36 58 58
150300000 48 58 58
150400000 40 57 62
150500000 48 55 62
150600000 40 53 62
150700000 48 57 58
150800000 44 57 58
150900000 48 53 58
151000000 44 55 58
151100000 48 56 58
151200000 40 55 62
151300000 48 59 62
151400000 36 57 62
151500000 40 55 62
151600000 44 58 63
151700000 40 54 63
151800000 36 60 62
151900000 44 46 62
152000000 40 58 58
152100000 32 38 58
152200000 33 58 58
152300000 48 57 58
152400000 38 57 59
152500000 48 54 59
152600000 45 53 59
152700000 40 58 59
152800000 48 58 59
152900000 45 56 59
153000000 48 56 59
153100000 40 57 59
153200000 45 57 59
153300000 36 53 58
153400000 48 58 58
153500000 36 57 59
153600000 48 58 62
153700000 48 54 62
153800000 40 58 62
153900000 48 53 58
154000000 38 58 59
154100000 48 54 59
154200000 45 54 59
154300000 48 56 59
154400000 40 55 59
154500000 48 58 59
154600000 45 57 59
154700000 48 58 59
154800000 40 58 59
154900000 48 55 59
155000000 45 56 59
155100000 48 50 59
155200000 35 57 58
155300000 48 58 58
155400000 36 54 58
155500000 40 56 58
155600000 36 58 62
155700000 48 59 62
155800000 40 57 62
155900000 48 54 58
156000000 33 38 58
156100000 33 54 58
156200000 48 57 58
156300000 38 55 59
156400000 48 57 59
156500000 45 57 59
156600000 40 56 59
156700000 48 57 59
156800000 45 56 59
156900000 48 54 59
157000000 40 54 59
157100000 45 57 59
157200000 36 51 58
157300000 37 58 62
157400000 48 55 62
157500000 36 53 62
157600000 48 57 62
157700000 48 58 62
157800000 36 53 59
157900000 40 54 58
158000000 36 58 62
158100000 48 58 62
158200000 40 53 62
158300000 48 54 58
158400000 38 54 59
158500000 48 58 59
158600000 45 55 59
158700000 48 58 59
158800000 40 54 59
158900000 48 55 59
159000000 45 58 59
159100000 48 56 59
159200000 40 54 59
159300000 48 57 59
159400000 45 55 59
159500000 48 58 59
159600000 35 54 59
159700000 40 57 58
159800000 36 59 60
159900000 48 58 62
160000000 48 53 62
160100000 36 59 62
160200000 48 54 62
160300000 36 57 62
160400000 48 53 58
160500000 36 54 60
160600000 48 58 62
160700000 48 58 62
160800000 40 58 62
160900000 34 37 58
161000000 32 58 58
161100000 36 57 58
161200000 40 54 62
161300000 36 59 62
161400000 35 57 62
161500000 36 54 59
161600000 36 55 62
161700000 48 55 62
161800000 33 57 59
161900000 36 56 58
162000000 40 57 62
162100000 36 57 62
162200000 35 57 62
162300000 36 53 59
162400000 36 56 62
162500000 44 46 62
162600000 32 38 47
162700000 32 57 58
162800000 38 46 58
162900000 39 53 59
163000000 40 57 59
163100000 45 57 59
163200000 48 58 59
163300000 44 57 59
163400000 45 55 59
163500000 36 58 59
163600000 48 58 58
163700000 40 58 62
163800000 48 58 62
163900000 40 57 62
164000000 48 54 58
164100000 44 58 58
164200000 48 56 58
164300000 44 55 58
164400000 48 58 58
164500000 40 59 62
164600000 48 52 62
164700000 36 58 62
164800000 40 55 62
164900000 44 54 63
165000000 36 54 63
165100000 48 57 62
165200000 40 56 62
165300000 48 58 58
165400000 38 57 59
165500000 48 58 59
165600000 45 55 59
165700000 48 56 59
165800000 40 56 59
165900000 48 54 59
166000000 45 57 59
166100000 48 57 59
166200000 44 56 59
166300000 48 58 59
166400000 45 56 59
166500000 48 58 59
166600000 35 57 59
166700000 40 57 58
166800000 36 53 58
166900000 48 54 58
167000000 40 59 62
167100000 48 56 62
167200000 40 55 62
167300000 48 58 58
167400000 44 53 58
167500000 48 57 58
167600000 44 57 58
167700000 40 56 60
167800000 48 54 62
167900000 36 58 62
168000000 40 58 60
168100000 44 59 62
168200000 40 54 63
168300000 36 53 63
168400000 48 59 62
168500000 40 55 62
168600000 48 58 58
168700000 33 55 58
168800000 40 58 58
168900000 38 56 59
169000000 40 56 59
169100000 45 58 59
169200000 48 57 59
169300000 44 56 59
169400000 45 53 59
169500000 36 54 59
169600000 38 54 60
169700000 37 59 62
169800000 48 57 62
169900000 40 54 62
170000000 48 54 58
170100000 38 57 59
170200000 45 58 59
170300000 48 56 59
170400000 40 56 59
170500000 48 50 59
170600000 45 55 59
170700000 48 57 59
170800000 48 58 59
170900000 44 55 59
171000000 48 58 59
171100000 45 53 59
171200000 48 56 59
171300000 36 54 58
171400000 40 44 58
171500000 41 58 62
171600000 48 58 62
171700000 40 58 62
171800000 48 54 58
171900000 44 56 58
172000000 44 58 58
172100000 48 54 58
172200000 40 58 62
172300000 48 60 62
172400000 36 57 62
172500000 40 54 62
172600000 44 53 62
172700000 40 58 63
172800000 36 55 63
172900000 48 55 62
173000000 40 58 62
173100000 48 56 58
173200000 38 58 59
173300000 48 55 59
173400000 45 57 59
173500000 48 56 59
173600000 40 57 59
173700000 48 57 59
173800000 45 58 59
173900000 48 53 59
174000000 44 58 59
174100000 48 56 59
174200000 45 57 59
174300000 48 56 59
174400000 35 58 58
174500000 36 53 58
174600000 37 58 62
174700000 48 58 62
174800000 40 54 62
174900000 48 53 58
175000000 36 57 58
175100000 40 58 60
175200000 48 53 62
175300000 48 58 62
175400000 40 51 59
175500000 44 56 58
175600000 48 58 58
175700000 44 57 58
175800000 48 58 58
175900000 40 56 62
176000000 48 56 62
176100000 36 58 62
176200000 40 59 62
176300000 44 54 62
176400000 40 55 63
176500000 36 60 63
176600000 48 55 62
176700000 40 57 62
176800000 48 54 58
176900000 32 58 62
177000000 48 58 62
177100000 40 55 62
177200000 48 56 58
177300000 38 58 59
177400000 48 58 59
177500000 45 58 59
177600000 48 54 59
177700000 40 57 59
177800000 48 56 59
177900000 48 58 59
178000000 45 57 59
178100000 48 52 59
178200000 40 58 59
178300000 45 57 59
178400000 48 53 59
178500000 36 53 59
178600000 35 57 62
178700000 48 58 62
178800000 48 57 62
178900000 40 57 59
179000000 36 53 58
179100000 33 38 62
179200000 33 54 60
179300000 37 58 62
179400000 48 59 62
179500000 40 52 62
179600000 48 58 58
179700000 38 56 59
179800000 48 57 59
179900000 45 53 59
180000000 48 59 59
180100000 40 56 59
180200000 48 58 59
180300000 45 58 59
180400000 48 58 59
180500000 44 58 59
180600000 48 58 59
180700000 45 57 59
180800000 48 58 59
180900000 36 58 62
181000000 48 57 62
181100000 40 58 62
181200000 48 57 58
181300000 38 57 59
181400000 48 58 59
181500000 45 58 59
181600000 48 55 59
181700000 40 58 59
181800000 48 55 59
181900000 45 55 59
182000000 48 55 59
182100000 48 57 59
182200000 40 56 59
182300000 45 57 59
182400000 48 58 59
182500000 36 54 59
182600000 35 54 62
182700000 37 59 62
182800000 48 58 62
182900000 40 53 59
183000000 36 52 60
183100000 48 59 62
183200000 48 58 62
183300000 40 57 59
183400000 36 53 58
183500000 33 37 62
183600000 26 37 43
183700000 32 37 43
183800000 32 37 43
183900000 32 37 43
184000000 32 40 45
184100000 33 38 43
184200000 32 38 38
184300000 32 38 43
184400000 33 38 43
184500000 32 38 45
184600000 33 38 45
184700000 32 38 43
184800000 32 38 38
184900000 32 37 43
185000000 32 38 43
185100000 28 37 43
185200000 32 38 43
185300000 33 38 43
185400000 32 34 43
185500000 32 38 47
185600000 32 38 43
185700000 32 38 38
185800000 32 43 43
185900000 33 38 43
186000000 32 43 43
186100000 33 37 47
186200000 32 37 43
186300000 32 38 43
186400000 32 37 43
186500000 32 38 43
186600000 29 38 43
186700000 33 38 43
186800000 32 38 43
186900000 32 38 43
187000000 32 54 55
187100000 36 54 55
187200000 35 54 55
187300000 33 37 55
187400000 32 42 43
187500000 32 38 42
187600000 33 38 38
187700000 32 38 43
187800000 33 38 43
187900000 32 41 55
188000000 35 54 55
188100000 36 53 55
188200000 33 41 55
188300000 32 38 46
188400000 32 38 43
188500000 32 38 43
188600000 32 38 43
188700000 33 37 43
188800000 27 37 43
188900000 32 40 43
189000000 32 38 43
189100000 32 37 45
189200000 32 38 45
189300000 32 38 43
189400000 33 37 38
189500000 32 38 43
189600000 33 37 43
189700000 32 38 45
189800000 32 42 45
189900000 32 38 43
190000000 33 36 38
190100000 32 38 43
190200000 32 42 43
190300000 28 41 43
190400000 32 37 43
190500000 32 39 43
190600000 33 42 43
190700000 32 38 46
190800000 33 37 43
190900000 32 38 38
191000000 32 41 43
191100000 33 37 43
191200000 32 38 46
191300000 33 38 46
191400000 32 38 43
191500000 32 38 38
191600000 32 43 43
191700000 32 37 43
191800000 29 42 43
191900000 32 37 43
192000000 33 38 43
192100000 32 37 43
192200000 32 38 47
192300000 32 38 43
192400000 32 37 38
192500000 33 38 38
192600000 32 38 43
192700000 33 38 43
192800000 32 43 47
192900000 32 38 46
193000000 32 38 43
193100000 32 38 43
193200000 32 38 43
193300000 33 38 43
193400000 25 39 45
193500000 32 37 45
193600000 32 39 45
193700000 33 38 47
193800000 32 45 47
193900000 32 38 47
194000000 32 37 45
194100000 33 38 38
194200000 32 37 45
194300000 33 38 47
194400000 33 38 45
194500000 32 45 45
194600000 32 37 47
194700000 32 38 45
194800000 32 38 38
194900000 33 37 45
195000000 32 44 45
195100000 29 38 47
195200000 33 38 47
195300000 32 45 47
195400000 32 45 47
195500000 33 43 47
195600000 32 35 47
195700000 32 45 45
195800000 32 36 45
195900000 33 37 38
196000000 32 45 47
196100000 33 46 47
196200000 33 42 47
196300000 32 38 47
196400000 33 38 47
196500000 32 37 45
196600000 32 37 38
196700000 32 42 47
196800000 32 38 47
196900000 33 38 47
197000000 26 56 59
197100000 48 57 59
197200000 40 54 59
197300000 44 57 59
197400000 35 53 59
197500000 48 58 59
197600000 40 56 59
197700000 44 57 59
197800000 33 38 59
197900000 32 38 46
198000000 33 57 59
198100000 40 55 59
198200000 44 57 59
198300000 35 57 59
198400000 48 53 59
198500000 40 53 59
198600000 33 38 59
198700000 32 58 59
198800000 37 45 59
198900000 35 59 59
199000000 33 46 59
199100000 33 57 59
199200000 48 56 59
199300000 48 57 59
199400000 40 56 59
199500000 48 57 59
199600000 48 58 59
199700000 44 57 59
199800000 48 56 59
199900000 48 57 59
200000000 44 58 59
200100000 48 58 59
200200000 48 58 59
200300000 40 55 59
200400000 48 57 59
200500000 35 56 59
200600000 48 56 59
200700000 48 56 59
200800000 40 58 59
200900000 48 57 59
201000000 48 58 59
201100000 44 58 59
201200000 48 58 59
201300000 48 55 59
201400000 44 57 59
201500000 48 58 59
201600000 48 58 59
201700000 40 57 59
201800000 48 58 59
201900000 48 57 59
202000000 33 57 59
202100000 48 55 59
202200000 48 56 59
202300000 40 57 59
202400000 48 56 59
202500000 48 57 59
202600000 44 56 59
202700000 48 56 59
202800000 48 58 59
202900000 44 57 59
203000000 48 58 59
203100000 48 58 59
203200000 40 54 59
203300000 48 53 59
203400000 48 55 59
203500000 35 55 59
203600000 48 58 59
203700000 48 56 59
203800000 40 56 59
203900000 48 57 59
204000000 48 57 59
204100000 44 57 59
204200000 48 57 59
204300000 48 57 59
204400000 44 58 59
204500000 48 58 59
204600000 48 55 59
204700000 40 58 59
204800000 48 57 59
204900000 48 58 59
205000000 33 58 59
205100000 48 58 59
205200000 48 56 59
205300000 40 56 59
205400000 48 58 59
205500000 48 56 59
205600000 44 58 59
205700000 48 57 59
205800000 48 58 59
205900000 35 57 59
206000000 48 55 59
206100000 48 56 59
206200000 40 55 59
206300000 48 55 59
206400000 48 56 59
206500000 44 56 59
206600000 48 56 59
206700000 48 58 59
206800000 32 56 59
206900000 48 55 59
207000000 48 55 59
207100000 44 58 59
207200000 48 52 59
207300000 48 56 59
207400000 44 56 59
207500000 48 58 59
207600000 48 54 59
207700000 46 58 59
207800000 48 58 59
207900000 48 57 59
208000000 46 57 59
208100000 48 57 59
208200000 48 58 59
208300000 44 55 59
208400000 48 57 59
208500000 48 58 59
208600000 42 57 59
208700000 48 57 58
208800000 45 58 58
208900000 48 57 58
209000000 48 54 58
209073771 40 64 64
