Iteration min current max
0 0 0 0
100000 0 37 46
200000 28 44 46
300000 28 37 46
400000 28 42 46
500000 26 37 46
600000 29 37 43
700000 30 37 43
800000 28 36 43
900000 28 37 43
1000000 29 37 43
1100000 28 33 43
1200000 29 38 43
1300000 25 39 51
1400000 32 56 58
1500000 45 54 58
1600000 32 36 58
1700000 32 57 58
1800000 45 57 58
1900000 48 54 58
2000000 33 55 58
2100000 45 57 58
2200000 33 37 58
2300000 32 57 58
2400000 45 55 58
2500000 48 57 58
2600000 30 44 57
2700000 32 41 51
2800000 26 54 58
2900000 43 58 58
3000000 36 54 58
3100000 35 54 60
3200000 43 57 58
3300000 36 54 58
3400000 33 54 60
3500000 43 49 58
3600000 36 54 58
3700000 43 56 60
3800000 35 51 58
3900000 36 51 58
4000000 43 55 60
4100000 32 54 60
4200000 43 54 58
4300000 35 56 58
4400000 43 58 58
4500000 32 41 58
4600000 33 57 58
4700000 48 53 58
4800000 36 54 60
4900000 35 55 60
5000000 48 57 58
5100000 36 54 60
5200000 33 56 60
5300000 48 58 58
5400000 36 54 60
5500000 35 53 60
5600000 48 57 58
5700000 36 57 60
5800000 32 55 60
5900000 43 53 58
6000000 35 42 58
6100000 40 55 58
6200000 48 57 58
6300000 26 41 58
6400000 32 44 47
6500000 32 41 47
6600000 32 44 47
6700000 32 43 47
6800000 29 42 47
6900000 32 43 47
7000000 32 43 47
7100000 32 44 47
7200000 32 46 47
7300000 33 45 47
7400000 33 45 47
7500000 32 46 47
7600000 32 42 47
7700000 32 43 47
7800000 25 37 47
7900000 29 43 43
8000000 32 37 43
8100000 29 37 43
8200000 30 37 43
8300000 32 42 43
8400000 28 43 43
8500000 32 38 43
8600000 29 43 43
8700000 28 43 43
8800000 32 39 43
8900000 29 37 43
9000000 29 39 43
9100000 32 43 43
9200000 30 41 43
9300000 28 43 43
9400000 32 40 43
9500000 29 37 43
9600000 29 38 43
9700000 32 36 43
9800000 30 38 43
9900000 26 53 62
10000000 36 54 62
10100000 33 54 62
10200000 36 57 62
10300000 37 55 62
10400000 36 53 62
10500000 32 53 62
10600000 33 61 62
10700000 36 54 62
10800000 32 60 62
10900000 33 53 62
11000000 33 55 62
11100000 33 54 55
11200000 32 46 55
11300000 32 54 62
11400000 36 61 62
11500000 33 59 62
11600000 33 46 62
11700000 36 45 60
11800000 33 54 55
11900000 36 54 55
12000000 32 54 58
12100000 36 53 56
12200000 33 54 55
12300000 40 53 58
12400000 36 54 55
12500000 32 43 55
12600000 32 54 55
12700000 33 54 60
12800000 36 54 55
12900000 32 54 55
13000000 40 51 55
13100000 33 54 60
13200000 36 54 55
13300000 28 56 62
13400000 40 54 62
13500000 36 58 62
13600000 40 54 62
13700000 33 58 62
13800000 40 54 62
13900000 36 59 62
14000000 40 52 62
14100000 36 56 62
14200000 40 53 62
14300000 32 61 62
14400000 40 54 62
14500000 33 54 62
14600000 36 54 62
14700000 40 54 62
14800000 32 59 62
14900000 33 58 62
15000000 33 42 62
15100000 37 54 58
15200000 33 53 55
15300000 40 54 55
15400000 32 34 55
15500000 32 45 62
15600000 37 57 62
15700000 36 55 62
15800000 33 60 62
15900000 36 58 62
16000000 33 54 62
16100000 36 53 60
16200000 40 54 55
16300000 36 54 55
16400000 33 54 55
16500000 36 55 55
16600000 40 42 55
16700000 32 53 58
16800000 36 54 56
16900000 40 54 55
17000000 33 52 58
17100000 36 50 58
17200000 40 54 55
17300000 32 46 55
17400000 36 54 55
17500000 40 55 55
17600000 33 46 55
17700000 37 53 60
17800000 36 54 55
17900000 40 54 55
18000000 32 52 55
18100000 40 54 55
18200000 33 49 60
18300000 40 54 55
18400000 36 53 55
18500000 40 52 55
18600000 29 53 62
18700000 40 50 62
18800000 44 60 62
18900000 36 57 62
19000000 40 58 59
19100000 36 53 59
19200000 40 53 58
19300000 36 55 62
19400000 40 56 62
19500000 44 60 62
19600000 35 55 62
19700000 36 54 59
19800000 40 54 58
19900000 36 55 59
20000000 36 54 58
20100000 33 54 59
20200000 38 51 62
20300000 40 54 62
20400000 36 55 62
20500000 37 54 61
20600000 38 61 62
20700000 40 55 62
20800000 36 56 62
20900000 40 51 59
21000000 36 52 59
21100000 40 54 58
21200000 36 57 59
21300000 38 62 62
21400000 40 57 62
21500000 35 54 62
21600000 36 55 58
21700000 36 57 59
21800000 40 54 59
21900000 36 56 59
22000000 40 55 58
22100000 32 52 59
22200000 38 53 62
22300000 40 54 62
22400000 35 54 59
22500000 33 51 60
22600000 37 54 62
22700000 36 54 62
22800000 38 52 62
22900000 40 57 62
23000000 35 55 62
23100000 36 56 59
23200000 32 55 61
23300000 38 51 62
23400000 35 54 62
23500000 33 54 62
23600000 35 58 62
23700000 33 51 60
23800000 37 51 59
23900000 38 54 58
24000000 40 54 55
24100000 35 58 59
24200000 40 53 59
24300000 33 53 59
24400000 38 55 58
24500000 40 53 55
24600000 35 53 59
24700000 40 54 59
24800000 32 54 59
24900000 36 59 59
25000000 35 56 59
25100000 36 58 59
25200000 32 50 59
25300000 35 55 59
25400000 33 55 59
25500000 35 52 59
25600000 32 57 62
25700000 40 58 62
25800000 36 57 62
25900000 38 62 62
26000000 36 58 62
26100000 40 55 59
26200000 36 55 59
26300000 38 53 62
26400000 35 57 62
26500000 36 50 59
26600000 36 53 59
26700000 33 57 62
26800000 36 54 62
26900000 36 53 62
27000000 35 54 62
27100000 36 55 59
27200000 33 55 59
27300000 38 54 58
27400000 36 47 60
27500000 37 53 59
27600000 38 54 58
27700000 40 53 55
27800000 36 55 58
27900000 40 55 59
28000000 44 53 58
28100000 40 54 59
28200000 36 53 59
28300000 36 54 59
28400000 40 57 59
28500000 38 53 58
28600000 44 54 55
28700000 35 53 58
28800000 37 53 59
28900000 36 58 58
29000000 40 54 59
29100000 44 54 58
29200000 40 54 59
29300000 36 55 59
29400000 36 56 59
29500000 33 52 59
29600000 38 53 58
29700000 36 53 58
29800000 40 57 59
29900000 44 54 58
30000000 40 55 59
30100000 36 54 59
30200000 36 57 59
30300000 40 52 59
30400000 38 53 58
30500000 44 53 55
30600000 35 50 58
30700000 40 54 59
30800000 40 53 59
30900000 44 53 58
31000000 36 54 59
31100000 40 52 59
31200000 36 57 59
31300000 32 58 58
31400000 38 53 58
31500000 36 54 58
31600000 36 52 59
31700000 38 53 59
31800000 40 53 55
31900000 40 54 55
32000000 35 55 58
32100000 36 55 59
32200000 33 50 59
32300000 38 55 58
32400000 40 54 58
32500000 36 51 59
32600000 36 54 59
32700000 36 52 59
32800000 38 44 59
32900000 39 53 55
33000000 40 54 55
33100000 35 51 58
33200000 36 55 59
33300000 36 49 59
33400000 36 53 59
33500000 32 55 58
33600000 36 53 59
33700000 35 54 59
33800000 33 54 59
33900000 36 57 59
34000000 35 56 59
34100000 36 53 59
34200000 32 54 59
34300000 36 55 58
34400000 40 54 59
34500000 40 54 59
34600000 44 54 58
34700000 36 54 59
34800000 40 54 59
34900000 36 53 59
35000000 38 54 58
35100000 40 52 55
35200000 35 53 58
35300000 36 57 59
35400000 40 54 59
35500000 44 54 58
35600000 36 58 59
35700000 40 54 59
35800000 36 53 59
35900000 33 52 59
36000000 38 51 58
36100000 36 52 60
36200000 37 54 59
36300000 38 54 58
36400000 40 55 55
36500000 36 56 58
36600000 40 56 59
36700000 44 53 58
36800000 40 59 59
36900000 36 53 59
37000000 40 54 59
37100000 36 54 59
37200000 38 54 58
37300000 40 53 55
37400000 35 46 58
37500000 36 54 59
37600000 36 53 58
37700000 40 54 59
37800000 44 54 58
37900000 40 57 59
38000000 36 54 59
38100000 36 57 59
38200000 40 55 59
38300000 32 54 59
38400000 38 53 58
38500000 40 54 55
38600000 35 54 59
38700000 40 53 59
38800000 33 53 60
38900000 37 54 59
39000000 38 54 58
39100000 40 51 55
39200000 36 54 59
39300000 40 54 59
39400000 38 53 55
39500000 40 53 55
39600000 35 55 59
39700000 40 54 59
39800000 36 54 59
39900000 26 41 59
40000000 28 41 44
40100000 29 40 47
40200000 35 53 55
40300000 32 53 55
40400000 35 52 55
40500000 27 41 55
40600000 28 34 46
40700000 29 41 47
40800000 25 37 47
40900000 32 41 47
41000000 29 37 47
41100000 32 43 47
41200000 26 45 47
41300000 33 51 57
41400000 35 55 57
41500000 32 55 57
41600000 35 53 59
41700000 32 54 59
41800000 35 57 59
41900000 33 57 59
42000000 44 54 59
42100000 44 55 57
42200000 40 55 57
42300000 35 45 59
42400000 41 55 59
42500000 44 56 57
42600000 40 57 57
42700000 33 54 59
42800000 40 54 59
42900000 44 55 57
43000000 40 55 57
43100000 35 53 59
43200000 40 55 59
43300000 44 55 57
43400000 40 55 57
43500000 33 52 57
43600000 40 56 59
43700000 35 54 59
43800000 40 57 59
43900000 44 55 59
44000000 32 55 59
44100000 44 53 58
44200000 44 54 59
44300000 46 54 59
44400000 44 56 59
44500000 42 55 58
44589896 40 64 64
